replayTaskStats AOI22 configure {0.16 0.01 0.0 0.0 1 0.195910930634 engnx03a.utdallas.edu 1732831819.86 1732831820.05 1}
replayTaskStats AOI22 delay__A__hl__OUT__lh__ACQ_1 {0.12 0.02 6.17 0.75 1 7.18262290955 engnx03a.utdallas.edu 1732831827.16 1732831834.35 1 0.100122928619 7.0791618824 0.00229811668396 0.0072820186615 0.00094199180603 6.95048308372 0.0 0.0 0.0 0.0 0.0 0.0 0.0 0.0}
replayTaskStats AOI22 delay__A__lh__OUT__hl__ACQ_1 {0.07 0.01 6.1 0.63 1 6.75036001205 engnx03a.utdallas.edu 1732831834.35 1732831841.1 1 0.0438230037689 6.70401883125 0.00186800956726 0.00598978996277 0.000676870346069 6.6789329052 0.0 0.0 0.0 0.0 0.0 0.0 0.0 0.0}
replayTaskStats AOI22 delay__B__hl__OUT__lh__ACQ_1 {0.08 0.01 6.11 0.66 1 6.80978488922 engnx03a.utdallas.edu 1732831841.1 1732831847.91 1 0.062628030777 6.7402279377 0.00223278999329 0.00589299201965 0.000741004943848 6.71413612366 0.0 0.0 0.0 0.0 0.0 0.0 0.0 0.0}
replayTaskStats AOI22 delay__B__lh__OUT__hl__ACQ_1 {0.06 0.01 6.11 0.69 1 6.81720209122 engnx03a.utdallas.edu 1732831847.91 1732831854.73 1 0.0446000099182 6.76950407028 0.00197196006775 0.00616598129272 0.000699043273926 6.74322986603 0.0 0.0 0.0 0.0 0.0 0.0 0.0 0.0}
replayTaskStats AOI22 delay__C__hl__OUT__lh__ACQ_1 {0.06 0.0 5.86 0.61 1 6.48848199844 engnx03a.utdallas.edu 1732831854.73 1732831861.22 1 0.0406510829926 6.44536709785 0.00208115577698 0.00545191764832 0.000627994537354 6.42144298553 0.0 0.0 0.0 0.0 0.0 0.0 0.0 0.0}
replayTaskStats AOI22 delay__C__lh__OUT__hl__ACQ_1 {0.06 0.01 5.82 0.66 1 6.48852396011 engnx03a.utdallas.edu 1732831861.22 1732831867.7 1 0.0388000011444 6.44726395607 0.00204706192017 0.00529408454895 0.000629186630249 6.42357993126 0.0 0.0 0.0 0.0 0.0 0.0 0.0 0.0}
replayTaskStats AOI22 delay__D__hl__OUT__lh__ACQ_1 {0.06 0.01 5.88 0.64 1 6.52841997147 engnx03a.utdallas.edu 1732831867.7 1732831874.23 1 0.0413930416107 6.48431015015 0.00209093093872 0.00577712059021 0.000669002532959 6.45957994461 0.0 0.0 0.0 0.0 0.0 0.0 0.0 0.0}
replayTaskStats AOI22 delay__D__lh__OUT__hl__ACQ_1 {0.06 0.0 6.0 0.64 1 6.66293287277 engnx03a.utdallas.edu 1732831874.23 1732831880.9 1 0.0403110980988 6.6201338768 0.00192999839783 0.00559210777283 0.000641822814941 6.59623003006 0.0 0.0 0.0 0.0 0.0 0.0 0.0 0.0}
replayTaskStats AOI22 leakage_power__ACQ_1 {0.05 0.01 6.01 0.65 1 6.67484784126 engnx03a.utdallas.edu 1732831880.9 1732831887.57 1 0.029834985733 6.64232516289 0.00212097167969 0.00465607643127 0.00252509117126 6.62192106247 0.0 0.0 0.0 0.0 0.0 0.0 0.0 0.0}
replayTaskStats AOI22 Cin__VSS__hl__ACQ_1 {0.05 0.0 5.91 0.66 1 6.58707499504 engnx03a.utdallas.edu 1732831887.57 1732831894.16 1 0.038388967514 6.54616498947 0.00228118896484 0.00450801849365 0.000634908676147 6.52751493454 0.0 0.0 0.0 0.0 0.0 0.0 0.0 0.0}
replayTaskStats AOI22 Cin__VSS__lh__ACQ_1 {0.04 0.01 5.94 0.62 1 6.57374882698 engnx03a.utdallas.edu 1732831894.16 1732831900.73 1 0.0335929393768 6.53760099411 0.00216102600098 0.00435304641724 0.000830888748169 6.51826095581 0.0 0.0 0.0 0.0 0.0 0.0 0.0 0.0}
replayTaskStats AOI22 Cin__VDD__hl__ACQ_1 {0.05 0.01 5.94 0.68 1 6.60785508156 engnx03a.utdallas.edu 1732831900.74 1732831907.34 1 0.0359070301056 6.56936120987 0.00218200683594 0.0041229724884 0.000725030899048 6.55037689209 0.0 0.0 0.0 0.0 0.0 0.0 0.0 0.0}
replayTaskStats AOI22 Cin__VDD__lh__ACQ_1 {0.05 0.0 5.96 0.65 1 6.62319612503 engnx03a.utdallas.edu 1732831907.34 1732831913.97 1 0.0342979431152 6.5863070488 0.00221109390259 0.00431609153748 0.000709056854248 6.56730294228 0.0 0.0 0.0 0.0 0.0 0.0 0.0 0.0}
replayTaskStats AOI22 modeling {0.18 0.01 0.0 0.0 1 0.214001893997 engnx03a.utdallas.edu 1732831972.69 1732831972.9 1}
