replayTaskStats NOR2 configure {0.1 0.01 0.0 0.0 1 0.144683122635 engnx01a.utdallas.edu 1731210506.72 1731210506.86 1}
replayTaskStats NOR2 delay__VA__lh__OUT__hl__ACQ_1 {0.1 0.01 5.85 0.66 1 6.69869589806 engnx01a.utdallas.edu 1731210522.2 1731210528.9 1 0.0980079174042 6.59749913216 0.00239706039429 0.00666689872742 0.000874042510986 6.47351503372 0.0 0.0 0.0 0.0 0.0 0.0 0.0 0.0}
replayTaskStats NOR2 delay__VA__hl__OUT__lh__ACQ_1 {0.06 0.01 6.17 0.67 1 6.86513495445 engnx01a.utdallas.edu 1731210528.9 1731210535.77 1 0.0536470413208 6.80894994736 0.00192022323608 0.00575304031372 0.000667095184326 6.78458285332 0.0 0.0 0.0 0.0 0.0 0.0 0.0 0.0}
replayTaskStats NOR2 delay__VB__lh__OUT__hl__ACQ_1 {0.06 0.0 5.96 0.64 1 6.62955093384 engnx01a.utdallas.edu 1731210535.77 1731210542.4 1 0.0481369495392 6.57889008522 0.00204491615295 0.00579190254211 0.000722169876099 6.55371809006 0.0 0.0 0.0 0.0 0.0 0.0 0.0 0.0}
replayTaskStats NOR2 delay__VB__hl__OUT__lh__ACQ_1 {0.05 0.02 5.89 0.69 1 6.65471100807 engnx01a.utdallas.edu 1731210542.4 1731210549.05 1 0.06960105896 6.58232402802 0.00198698043823 0.032646894455 0.000874996185303 6.52356004715 0.0 0.0 0.0 0.0 0.0 0.0 0.0 0.0}
replayTaskStats NOR2 leakage_power__ACQ_1 {0.38 0.07 64.01 6.62 1 70.8762209415 engnx01a.utdallas.edu 1731210549.05 1731210619.93 1 0.023952960968 7.81201195717 0.00198793411255 0.0138690471649 0.00155091285706 70.2403254509 0.0 0.0 0.0 0.0 0.0 0.0 0.0 0.0}
replayTaskStats NOR2 leakage_power__ACQ_1 {0.38 0.07 64.01 6.62 1 70.8767158985 engnx01a.utdallas.edu 1731210549.05 1731210619.93 1 0.023952960968 7.81201195717 0.00198793411255 0.0138690471649 0.00155091285706 70.2403254509 0.0 0.0 0.0 0.0 0.0 0.0 0.0 0.0}
replayTaskStats NOR2 leakage_power__ACQ_1 {0.38 0.07 64.01 6.62 1 70.8772320747 engnx01a.utdallas.edu 1731210549.05 1731210619.93 1 0.023952960968 7.81201195717 0.00198793411255 0.0138690471649 0.00155091285706 70.2403254509 0.0 0.0 0.0 0.0 0.0 0.0 0.0 0.0}
replayTaskStats NOR2 leakage_power__ACQ_1 {0.38 0.07 64.01 6.62 1 70.877753973 engnx01a.utdallas.edu 1731210549.05 1731210619.93 1 0.023952960968 7.81201195717 0.00198793411255 0.0138690471649 0.00155091285706 70.2403254509 0.0 0.0 0.0 0.0 0.0 0.0 0.0 0.0}
replayTaskStats NOR2 leakage_power__ACQ_1 {0.39 0.07 64.01 6.62 1 70.8782300949 engnx01a.utdallas.edu 1731210549.05 1731210619.93 1 0.023952960968 7.81201195717 0.00198793411255 0.0138690471649 0.00155091285706 70.2403254509 0.0 0.0 0.0 0.0 0.0 0.0 0.0 0.0}
replayTaskStats NOR2 leakage_power__ACQ_1 {0.39 0.07 64.01 6.62 1 70.8787329197 engnx01a.utdallas.edu 1731210549.05 1731210619.93 1 0.023952960968 7.81201195717 0.00198793411255 0.0138690471649 0.00155091285706 70.2403254509 0.0 0.0 0.0 0.0 0.0 0.0 0.0 0.0}
replayTaskStats NOR2 leakage_power__ACQ_1 {0.39 0.07 64.01 6.62 1 70.8792150021 engnx01a.utdallas.edu 1731210549.05 1731210619.93 1 0.023952960968 7.81201195717 0.00198793411255 0.0138690471649 0.00155091285706 70.2403254509 0.0 0.0 0.0 0.0 0.0 0.0 0.0 0.0}
replayTaskStats NOR2 leakage_power__ACQ_1 {0.39 0.07 64.01 6.62 1 70.8796949387 engnx01a.utdallas.edu 1731210549.05 1731210619.93 1 0.023952960968 7.81201195717 0.00198793411255 0.0138690471649 0.00155091285706 70.2403254509 0.0 0.0 0.0 0.0 0.0 0.0 0.0 0.0}
replayTaskStats NOR2 leakage_power__ACQ_1 {0.39 0.07 64.01 6.62 1 70.880179882 engnx01a.utdallas.edu 1731210549.05 1731210619.93 1 0.023952960968 7.81201195717 0.00198793411255 0.0138690471649 0.00155091285706 70.2403254509 0.0 0.0 0.0 0.0 0.0 0.0 0.0 0.0}
replayTaskStats NOR2 leakage_power__ACQ_1 {0.39 0.07 64.01 6.62 1 70.8806529045 engnx01a.utdallas.edu 1731210549.05 1731210619.94 1 0.023952960968 7.81201195717 0.00198793411255 0.0138690471649 0.00155091285706 70.2403254509 0.0 0.0 0.0 0.0 0.0 0.0 0.0 0.0}
replayTaskStats NOR2 Cin__VSS__lh__ACQ_1 {0.04 0.01 6.01 0.64 1 6.69581508636 engnx01a.utdallas.edu 1731210619.94 1731210626.63 1 0.0490400791168 6.64409995079 0.00187301635742 0.0167441368103 0.000636100769043 6.61249995232 0.0 0.0 0.0 0.0 0.0 0.0 0.0 0.0}
replayTaskStats NOR2 Cin__VSS__hl__ACQ_1 {0.05 0.0 5.86 0.64 1 6.54838013649 engnx01a.utdallas.edu 1731210626.63 1731210633.18 1 0.0576510429382 6.48820614815 0.00176310539246 0.00432896614075 0.000671863555908 6.47025799751 0.0 0.0 0.0 0.0 0.0 0.0 0.0 0.0}
replayTaskStats NOR2 Cin__VDD__lh__ACQ_1 {0.04 0.01 5.8 0.63 1 6.4337849617 engnx01a.utdallas.edu 1731210633.18 1731210639.62 1 0.0428841114044 6.38840198517 0.00183892250061 0.00411009788513 0.000615835189819 6.37079501152 0.0 0.0 0.0 0.0 0.0 0.0 0.0 0.0}
replayTaskStats NOR2 Cin__VDD__hl__ACQ_1 {0.05 0.0 5.98 0.7 1 6.72516989708 engnx01a.utdallas.edu 1731210639.62 1731210646.34 1 0.0575239658356 6.66504716873 0.00215291976929 0.00431299209595 0.000722885131836 6.64479184151 0.0 0.0 0.0 0.0 0.0 0.0 0.0 0.0}
replayTaskStats NOR2 modeling {0.16 0.0 0.0 0.0 1 0.252410888672 engnx01a.utdallas.edu 1731210669.93 1731210670.18 1}
