replayTaskStats NOR3 configure {0.18 0.01 0.0 0.0 1 0.242501974106 engnx01a.utdallas.edu 1731211093.69 1731211093.94 1}
replayTaskStats NOR3 configure {0.14 0.0 0.0 0.0 1 0.291383981705 engnx01a.utdallas.edu 1731211209.6 1731211209.89 1}
replayTaskStats NOR3 configure {0.12 0.0 0.0 0.0 1 0.228000164032 engnx01a.utdallas.edu 1731212228.93 1731212229.16 1}
replayTaskStats NOR3 delay__VA__lh__OUT__hl__ACQ_1 {0.11 0.01 6.03 0.75 1 6.95793294907 engnx01a.utdallas.edu 1731212248.75 1731212255.7 1 0.0835399627686 6.87112379074 0.00217199325562 0.0190839767456 0.000893115997314 6.73451113701 0.0 0.0 0.0 0.0 0.0 0.0 0.0 0.0}
replayTaskStats NOR3 delay__VA__hl__OUT__lh__ACQ_1 {0.06 0.01 6.13 0.68 1 6.86767292023 engnx01a.utdallas.edu 1731212255.71 1731212262.57 1 0.0392100811005 6.8186480999 0.00202894210815 0.0360281467438 0.000664949417114 6.76382112503 0.0 0.0 0.0 0.0 0.0 0.0 0.0 0.0}
replayTaskStats NOR3 delay__VB__lh__OUT__hl__ACQ_1 {0.06 0.0 5.88 0.69 1 6.63479089737 engnx01a.utdallas.edu 1731212262.57 1731212269.21 1 0.0381720066071 6.59410500526 0.00193190574646 0.0420229434967 0.000715017318726 6.53333997726 0.0 0.0 0.0 0.0 0.0 0.0 0.0 0.0}
replayTaskStats NOR3 delay__VB__hl__OUT__lh__ACQ_1 {0.09 0.01 6.04 0.75 1 6.91183495522 engnx01a.utdallas.edu 1731212269.21 1731212276.12 1 0.0641779899597 6.84479403496 0.00201797485352 0.0368010997772 0.000713109970093 6.78127002716 0.0 0.0 0.0 0.0 0.0 0.0 0.0 0.0}
replayTaskStats NOR3 delay__VC__lh__OUT__hl__ACQ_1 {0.06 0.0 6.12 0.68 1 6.84081697464 engnx01a.utdallas.edu 1731212276.12 1731212282.96 1 0.0392608642578 6.79888987541 0.0022599697113 0.026134967804 0.000706911087036 6.75377702713 0.0 0.0 0.0 0.0 0.0 0.0 0.0 0.0}
replayTaskStats NOR3 delay__VC__hl__OUT__lh__ACQ_1 {0.06 0.01 6.03 0.72 1 6.7983109951 engnx01a.utdallas.edu 1731212282.96 1731212289.76 1 0.0384390354156 6.75742578506 0.00200605392456 0.0161519050598 0.000672817230225 6.72229409218 0.0 0.0 0.0 0.0 0.0 0.0 0.0 0.0}
replayTaskStats NOR3 leakage_power__ACQ_1 {0.43 0.06 63.64 6.79 1 70.6628508568 engnx01a.utdallas.edu 1731212289.76 1731212360.42 1 0.0317251682281 7.54718804359 0.00179219245911 0.0367960929871 0.00168609619141 69.9504692554 0.0 0.0 0.0 0.0 0.0 0.0 0.0 0.0}
replayTaskStats NOR3 leakage_power__ACQ_1 {0.43 0.06 63.64 6.79 1 70.6633310318 engnx01a.utdallas.edu 1731212289.76 1731212360.43 1 0.0317251682281 7.54718804359 0.00179219245911 0.0367960929871 0.00168609619141 69.9504692554 0.0 0.0 0.0 0.0 0.0 0.0 0.0 0.0}
replayTaskStats NOR3 leakage_power__ACQ_1 {0.43 0.06 63.64 6.79 1 70.6638100147 engnx01a.utdallas.edu 1731212289.76 1731212360.43 1 0.0317251682281 7.54718804359 0.00179219245911 0.0367960929871 0.00168609619141 69.9504692554 0.0 0.0 0.0 0.0 0.0 0.0 0.0 0.0}
replayTaskStats NOR3 leakage_power__ACQ_1 {0.43 0.06 63.64 6.79 1 70.6642858982 engnx01a.utdallas.edu 1731212289.76 1731212360.43 1 0.0317251682281 7.54718804359 0.00179219245911 0.0367960929871 0.00168609619141 69.9504692554 0.0 0.0 0.0 0.0 0.0 0.0 0.0 0.0}
replayTaskStats NOR3 leakage_power__ACQ_1 {0.43 0.06 63.64 6.79 1 70.6648008823 engnx01a.utdallas.edu 1731212289.76 1731212360.43 1 0.0317251682281 7.54718804359 0.00179219245911 0.0367960929871 0.00168609619141 69.9504692554 0.0 0.0 0.0 0.0 0.0 0.0 0.0 0.0}
replayTaskStats NOR3 leakage_power__ACQ_1 {0.43 0.06 63.64 6.79 1 70.665293932 engnx01a.utdallas.edu 1731212289.76 1731212360.43 1 0.0317251682281 7.54718804359 0.00179219245911 0.0367960929871 0.00168609619141 69.9504692554 0.0 0.0 0.0 0.0 0.0 0.0 0.0 0.0}
replayTaskStats NOR3 leakage_power__ACQ_1 {0.43 0.06 63.64 6.79 1 70.6657569408 engnx01a.utdallas.edu 1731212289.76 1731212360.43 1 0.0317251682281 7.54718804359 0.00179219245911 0.0367960929871 0.00168609619141 69.9504692554 0.0 0.0 0.0 0.0 0.0 0.0 0.0 0.0}
replayTaskStats NOR3 leakage_power__ACQ_1 {0.43 0.06 63.64 6.79 1 70.6662340164 engnx01a.utdallas.edu 1731212289.76 1731212360.43 1 0.0317251682281 7.54718804359 0.00179219245911 0.0367960929871 0.00168609619141 69.9504692554 0.0 0.0 0.0 0.0 0.0 0.0 0.0 0.0}
replayTaskStats NOR3 leakage_power__ACQ_1 {0.43 0.06 63.64 6.79 1 70.6666939259 engnx01a.utdallas.edu 1731212289.76 1731212360.43 1 0.0317251682281 7.54718804359 0.00179219245911 0.0367960929871 0.00168609619141 69.9504692554 0.0 0.0 0.0 0.0 0.0 0.0 0.0 0.0}
replayTaskStats NOR3 leakage_power__ACQ_1 {0.43 0.06 63.64 6.79 1 70.6671528816 engnx01a.utdallas.edu 1731212289.76 1731212360.43 1 0.0317251682281 7.54718804359 0.00179219245911 0.0367960929871 0.00168609619141 69.9504692554 0.0 0.0 0.0 0.0 0.0 0.0 0.0 0.0}
replayTaskStats NOR3 Cin__VSS__lh__ACQ_1 {0.05 0.01 5.81 0.71 1 6.58231496811 engnx01a.utdallas.edu 1731212360.43 1731212367.01 1 0.0333850383759 6.54626917839 0.00203394889832 0.0336630344391 0.000663042068481 6.4986538887 0.0 0.0 0.0 0.0 0.0 0.0 0.0 0.0}
replayTaskStats NOR3 Cin__VSS__hl__ACQ_1 {0.05 0.0 5.98 0.72 1 6.74332618713 engnx01a.utdallas.edu 1731212367.01 1731212373.76 1 0.0323719978333 6.70837903023 0.00204396247864 0.0275058746338 0.000652074813843 6.66530299187 0.0 0.0 0.0 0.0 0.0 0.0 0.0 0.0}
replayTaskStats NOR3 Cin__VDD__lh__ACQ_1 {0.04 0.01 5.97 0.69 1 6.69532608986 engnx01a.utdallas.edu 1731212373.76 1731212380.45 1 0.0312249660492 6.66163492203 0.00199604034424 0.0244169235229 0.00063419342041 6.62361502647 0.0 0.0 0.0 0.0 0.0 0.0 0.0 0.0}
replayTaskStats NOR3 Cin__VDD__hl__ACQ_1 {0.05 0.0 5.83 0.69 1 6.5291531086 engnx01a.utdallas.edu 1731212380.45 1731212386.98 1 0.0312259197235 6.49542999268 0.00211715698242 0.0154531002045 0.000622034072876 6.46606492996 0.0 0.0 0.0 0.0 0.0 0.0 0.0 0.0}
replayTaskStats NOR3 configure {0.13 0.01 0.0 0.0 1 0.173845052719 engnx03a.utdallas.edu 1732387551.85 1732387552.02 1}
replayTaskStats NOR3 delay__VA__lh__OUT__hl__ACQ_1 {0.12 0.01 6.08 0.77 1 7.0096180439 engnx03a.utdallas.edu 1732387566.43 1732387573.44 1 0.083554983139 6.92288398743 0.00265312194824 0.00788497924805 0.000842094421387 6.80136704445 0.0 0.0 0.0 0.0 0.0 0.0 0.0 0.0}
replayTaskStats NOR3 delay__VA__hl__OUT__lh__ACQ_1 {0.05 0.01 5.99 0.69 1 6.68064308167 engnx03a.utdallas.edu 1732387573.44 1732387580.12 1 0.0386741161346 6.63950896263 0.00190496444702 0.00738096237183 0.000656127929688 6.61379003525 0.0 0.0 0.0 0.0 0.0 0.0 0.0 0.0}
replayTaskStats NOR3 delay__VB__lh__OUT__hl__ACQ_1 {0.06 0.0 5.88 0.69 1 6.57235789299 engnx03a.utdallas.edu 1732387580.12 1732387586.69 1 0.0369589328766 6.53290605545 0.00199699401855 0.00676107406616 0.000663042068481 6.50788903236 0.0 0.0 0.0 0.0 0.0 0.0 0.0 0.0}
replayTaskStats NOR3 delay__VB__hl__OUT__lh__ACQ_1 {0.08 0.01 5.96 0.66 1 6.64801096916 engnx03a.utdallas.edu 1732387586.69 1732387593.34 1 0.0569629669189 6.58829283714 0.00292086601257 0.00685000419617 0.000664949417114 6.55762910843 0.0 0.0 0.0 0.0 0.0 0.0 0.0 0.0}
replayTaskStats NOR3 delay__VC__lh__OUT__hl__ACQ_1 {0.06 0.01 5.98 0.72 1 6.71171283722 engnx03a.utdallas.edu 1732387593.34 1732387600.05 1 0.0409100055695 6.66805696487 0.00208783149719 0.00665092468262 0.000649929046631 6.64239692688 0.0 0.0 0.0 0.0 0.0 0.0 0.0 0.0}
replayTaskStats NOR3 delay__VC__hl__OUT__lh__ACQ_1 {0.06 0.01 6.19 0.67 1 6.87250900269 engnx03a.utdallas.edu 1732387600.06 1732387606.93 1 0.0403249263763 6.82955312729 0.00201201438904 0.00680184364319 0.000629901885986 6.80412507057 0.0 0.0 0.0 0.0 0.0 0.0 0.0 0.0}
replayTaskStats NOR3 leakage_power__ACQ_1 {0.42 0.06 64.19 6.94 1 71.0833067894 engnx03a.utdallas.edu 1732387606.93 1732387678.01 1 0.0293490886688 7.55015206337 0.0020968914032 0.00528883934021 0.00190591812134 70.5849459171 0.0 0.0 0.0 0.0 0.0 0.0 0.0 0.0}
replayTaskStats NOR3 leakage_power__ACQ_1 {0.42 0.06 64.19 6.94 1 71.083796978 engnx03a.utdallas.edu 1732387606.93 1732387678.01 1 0.0293490886688 7.55015206337 0.0020968914032 0.00528883934021 0.00190591812134 70.5849459171 0.0 0.0 0.0 0.0 0.0 0.0 0.0 0.0}
replayTaskStats NOR3 leakage_power__ACQ_1 {0.42 0.06 64.19 6.94 1 71.0842750072 engnx03a.utdallas.edu 1732387606.93 1732387678.01 1 0.0293490886688 7.55015206337 0.0020968914032 0.00528883934021 0.00190591812134 70.5849459171 0.0 0.0 0.0 0.0 0.0 0.0 0.0 0.0}
replayTaskStats NOR3 leakage_power__ACQ_1 {0.42 0.06 64.19 6.94 1 71.0847578049 engnx03a.utdallas.edu 1732387606.93 1732387678.01 1 0.0293490886688 7.55015206337 0.0020968914032 0.00528883934021 0.00190591812134 70.5849459171 0.0 0.0 0.0 0.0 0.0 0.0 0.0 0.0}
replayTaskStats NOR3 leakage_power__ACQ_1 {0.42 0.06 64.19 6.94 1 71.0852518082 engnx03a.utdallas.edu 1732387606.93 1732387678.01 1 0.0293490886688 7.55015206337 0.0020968914032 0.00528883934021 0.00190591812134 70.5849459171 0.0 0.0 0.0 0.0 0.0 0.0 0.0 0.0}
replayTaskStats NOR3 leakage_power__ACQ_1 {0.42 0.06 64.19 6.94 1 71.0857470036 engnx03a.utdallas.edu 1732387606.93 1732387678.01 1 0.0293490886688 7.55015206337 0.0020968914032 0.00528883934021 0.00190591812134 70.5849459171 0.0 0.0 0.0 0.0 0.0 0.0 0.0 0.0}
replayTaskStats NOR3 leakage_power__ACQ_1 {0.42 0.06 64.19 6.94 1 71.0862169266 engnx03a.utdallas.edu 1732387606.93 1732387678.01 1 0.0293490886688 7.55015206337 0.0020968914032 0.00528883934021 0.00190591812134 70.5849459171 0.0 0.0 0.0 0.0 0.0 0.0 0.0 0.0}
replayTaskStats NOR3 leakage_power__ACQ_1 {0.42 0.06 64.19 6.94 1 71.086689949 engnx03a.utdallas.edu 1732387606.93 1732387678.02 1 0.0293490886688 7.55015206337 0.0020968914032 0.00528883934021 0.00190591812134 70.5849459171 0.0 0.0 0.0 0.0 0.0 0.0 0.0 0.0}
replayTaskStats NOR3 leakage_power__ACQ_1 {0.42 0.06 64.19 6.94 1 71.0871539116 engnx03a.utdallas.edu 1732387606.93 1732387678.02 1 0.0293490886688 7.55015206337 0.0020968914032 0.00528883934021 0.00190591812134 70.5849459171 0.0 0.0 0.0 0.0 0.0 0.0 0.0 0.0}
replayTaskStats NOR3 leakage_power__ACQ_1 {0.42 0.06 64.19 6.94 1 71.0876169205 engnx03a.utdallas.edu 1732387606.93 1732387678.02 1 0.0293490886688 7.55015206337 0.0020968914032 0.00528883934021 0.00190591812134 70.5849459171 0.0 0.0 0.0 0.0 0.0 0.0 0.0 0.0}
replayTaskStats NOR3 Cin__VSS__lh__ACQ_1 {0.05 0.01 6.04 0.71 1 6.7424018383 engnx03a.utdallas.edu 1732387678.02 1732387684.76 1 0.0352578163147 6.70441889763 0.00211000442505 0.00618410110474 0.000718116760254 6.68344187737 0.0 0.0 0.0 0.0 0.0 0.0 0.0 0.0}
replayTaskStats NOR3 Cin__VSS__hl__ACQ_1 {0.04 0.0 5.94 0.7 1 6.65681195259 engnx03a.utdallas.edu 1732387684.76 1732387691.42 1 0.0335791110992 6.62068295479 0.00186800956726 0.00567603111267 0.000613927841187 6.60141801834 0.0 0.0 0.0 0.0 0.0 0.0 0.0 0.0}
replayTaskStats NOR3 Cin__VDD__lh__ACQ_1 {0.04 0.01 5.86 0.66 1 6.51322889328 engnx03a.utdallas.edu 1732387691.42 1732387697.93 1 0.031534910202 6.4791238308 0.00212979316711 0.00575995445251 0.000709056854248 6.45870614052 0.0 0.0 0.0 0.0 0.0 0.0 0.0 0.0}
replayTaskStats NOR3 Cin__VDD__hl__ACQ_1 {0.05 0.0 5.94 0.7 1 6.63386392593 engnx03a.utdallas.edu 1732387697.93 1732387704.57 1 0.031839132309 6.59941196442 0.00199890136719 0.00557994842529 0.00061297416687 6.58008289337 0.0 0.0 0.0 0.0 0.0 0.0 0.0 0.0}
replayTaskStats NOR3 modeling {0.19 0.01 0.0 0.0 1 0.211955070496 engnx03a.utdallas.edu 1732387740.46 1732387740.68 1}
