replayTaskStats NAND2 configure {0.09 0.01 0.0 0.0 1 0.12203001976 engnx03a.utdallas.edu 1732832937.12 1732832937.24 1}
replayTaskStats NAND2 configure {0.1 0.01 0.0 0.0 1 0.138147115707 engnx03a.utdallas.edu 1732833204.39 1732833204.53 1}
replayTaskStats NAND2 delay__B__lh__OUT__hl__ACQ_1 {0.1 0.01 6.21 0.69 1 7.04490017891 engnx03a.utdallas.edu 1732833210.57 1732833217.61 1 0.080894947052 6.96079707146 0.0021231174469 0.00644207000732 0.000878095626831 6.84620785713 0.0 0.0 0.0 0.0 0.0 0.0 0.0 0.0}
replayTaskStats NAND2 delay__B__hl__OUT__lh__ACQ_1 {0.06 0.0 5.83 0.59 1 6.44023084641 engnx03a.utdallas.edu 1732833217.61 1732833224.05 1 0.0362968444824 6.40146899223 0.00180506706238 0.0056471824646 0.000679969787598 6.37580919266 0.0 0.0 0.0 0.0 0.0 0.0 0.0 0.0}
replayTaskStats NAND2 delay__A__lh__OUT__hl__ACQ_1 {0.06 0.01 5.84 0.6 1 6.45094203949 engnx03a.utdallas.edu 1732833224.05 1732833230.5 1 0.0361111164093 6.41225385666 0.00193500518799 0.00581097602844 0.000665903091431 6.38739013672 0.0 0.0 0.0 0.0 0.0 0.0 0.0 0.0}
replayTaskStats NAND2 delay__A__hl__OUT__lh__ACQ_1 {0.05 0.01 5.85 0.62 1 6.48092699051 engnx03a.utdallas.edu 1732833230.5 1732833236.98 1 0.0346410274506 6.44376087189 0.00190210342407 0.00607895851135 0.000668048858643 6.41864514351 0.0 0.0 0.0 0.0 0.0 0.0 0.0 0.0}
replayTaskStats NAND2 leakage_power__ACQ_1 {0.06 0.02 5.78 0.62 1 6.43939304352 engnx03a.utdallas.edu 1732833236.99 1732833243.42 1 0.0635268688202 6.37316298485 0.00239515304565 0.00423693656921 0.0022919178009 6.35202503204 0.0 0.0 0.0 0.0 0.0 0.0 0.0 0.0}
replayTaskStats NAND2 Cin__VSS__lh__ACQ_1 {0.04 0.01 5.74 0.63 1 6.37351489067 engnx03a.utdallas.edu 1732833243.43 1732833249.8 1 0.0312650203705 6.33974003792 0.00192213058472 0.00436782836914 0.000636100769043 6.32199192047 0.0 0.0 0.0 0.0 0.0 0.0 0.0 0.0}
replayTaskStats NAND2 Cin__VSS__hl__ACQ_1 {0.04 0.0 5.72 0.63 1 6.35087990761 engnx03a.utdallas.edu 1732833249.8 1732833256.15 1 0.0282509326935 6.3201110363 0.00210905075073 0.00375294685364 0.000671863555908 6.30267000198 0.0 0.0 0.0 0.0 0.0 0.0 0.0 0.0}
replayTaskStats NAND2 Cin__VDD__lh__ACQ_1 {0.04 0.0 5.69 0.64 1 6.31277704239 engnx03a.utdallas.edu 1732833256.15 1732833262.46 1 0.0273389816284 6.28279495239 0.00192284584045 0.00415802001953 0.000630140304565 6.26531100273 0.0 0.0 0.0 0.0 0.0 0.0 0.0 0.0}
replayTaskStats NAND2 Cin__VDD__hl__ACQ_1 {0.04 0.01 5.66 0.61 1 6.27379107475 engnx03a.utdallas.edu 1732833262.46 1732833268.74 1 0.0295989513397 6.24153280258 0.00205302238464 0.00397896766663 0.000636100769043 6.22326111794 0.0 0.0 0.0 0.0 0.0 0.0 0.0 0.0}
replayTaskStats NAND2 modeling {0.12 0.0 0.0 0.0 1 0.135921955109 engnx03a.utdallas.edu 1732833349.94 1732833350.07 1}
