replayTaskStats OAI22 configure {0.17 0.02 0.0 0.0 1 0.209535121918 engnx03a.utdallas.edu 1732985263.76 1732985263.97 1}
replayTaskStats OAI22 delay__A__hl__OUT__lh__ACQ_1 {0.11 0.02 6.06 0.74 1 6.97315096855 engnx03a.utdallas.edu 1732985272.02 1732985279.0 1 0.0878381729126 6.88183712959 0.00687599182129 0.00835299491882 0.00106501579285 6.7376999855 0.0 0.0 0.0 0.0 0.0 0.0 0.0 0.0}
replayTaskStats OAI22 delay__A__lh__OUT__hl__ACQ_1 {0.07 0.01 5.97 0.67 1 6.65862298012 engnx03a.utdallas.edu 1732985279.0 1732985285.65 1 0.0454962253571 6.61045002937 0.00217485427856 0.00564312934875 0.000662803649902 6.58505105972 0.0 0.0 0.0 0.0 0.0 0.0 0.0 0.0}
replayTaskStats OAI22 delay__B__hl__OUT__lh__ACQ_1 {0.07 0.0 5.93 0.7 1 6.66369104385 engnx03a.utdallas.edu 1732985285.65 1732985292.32 1 0.0567920207977 6.60430312157 0.00195503234863 0.00589418411255 0.000653982162476 6.5792119503 0.0 0.0 0.0 0.0 0.0 0.0 0.0 0.0}
replayTaskStats OAI22 delay__B__lh__OUT__hl__ACQ_1 {0.06 0.01 5.98 0.66 1 6.686855793 engnx03a.utdallas.edu 1732985292.32 1732985299.01 1 0.0399560928345 6.64416313171 0.00217604637146 0.0301220417023 0.000977993011475 6.5905110836 0.0 0.0 0.0 0.0 0.0 0.0 0.0 0.0}
replayTaskStats OAI22 delay__C__hl__OUT__lh__ACQ_1 {0.07 0.01 5.95 0.7 1 6.68191695213 engnx03a.utdallas.edu 1732985299.01 1732985305.69 1 0.043653011322 6.63560009003 0.00227403640747 0.00596690177917 0.00069785118103 6.60985517502 0.0 0.0 0.0 0.0 0.0 0.0 0.0 0.0}
replayTaskStats OAI22 delay__C__lh__OUT__hl__ACQ_1 {0.06 0.01 6.13 0.73 1 6.88523507118 engnx03a.utdallas.edu 1732985305.69 1732985312.57 1 0.0416719913483 6.84101009369 0.00206303596497 0.00664901733398 0.000741004943848 6.81463384628 0.0 0.0 0.0 0.0 0.0 0.0 0.0 0.0}
replayTaskStats OAI22 delay__D__hl__OUT__lh__ACQ_1 {0.06 0.0 5.98 0.67 1 6.67211699486 engnx03a.utdallas.edu 1732985312.58 1732985319.25 1 0.042809009552 6.62672114372 0.00206279754639 0.00633692741394 0.000705003738403 6.60063505173 0.0 0.0 0.0 0.0 0.0 0.0 0.0 0.0}
replayTaskStats OAI22 delay__D__lh__OUT__hl__ACQ_1 {0.06 0.01 6.16 0.69 1 6.88690495491 engnx03a.utdallas.edu 1732985319.25 1732985326.13 1 0.0411710739136 6.84320402145 0.00206589698792 0.018895149231 0.000694990158081 6.80509018898 0.0 0.0 0.0 0.0 0.0 0.0 0.0 0.0}
replayTaskStats OAI22 leakage_power__ACQ_1 {0.05 0.0 5.86 0.69 1 6.58406686783 engnx03a.utdallas.edu 1732985326.14 1732985332.72 1 0.0313911437988 6.54989695549 0.00221490859985 0.00629091262817 0.0026319026947 6.5267329216 0.0 0.0 0.0 0.0 0.0 0.0 0.0 0.0}
replayTaskStats OAI22 Cin__VSS__hl__ACQ_1 {0.05 0.01 6.04 0.69 1 6.76006388664 engnx03a.utdallas.edu 1732985332.72 1732985339.48 1 0.040745973587 6.71669697762 0.00222301483154 0.00433087348938 0.000665903091431 6.69797515869 0.0 0.0 0.0 0.0 0.0 0.0 0.0 0.0}
replayTaskStats OAI22 Cin__VSS__lh__ACQ_1 {0.05 0.01 6.02 0.7 1 6.72751617432 engnx03a.utdallas.edu 1732985339.48 1732985346.21 1 0.0342240333557 6.69071912766 0.00199389457703 0.00626492500305 0.00074291229248 6.66911292076 0.0 0.0 0.0 0.0 0.0 0.0 0.0 0.0}
replayTaskStats OAI22 Cin__VDD__hl__ACQ_1 {0.06 0.0 6.1 0.7 1 6.80046796799 engnx03a.utdallas.edu 1732985346.21 1732985353.01 1 0.0361618995667 6.76151108742 0.00216889381409 0.00422406196594 0.000741958618164 6.74197411537 0.0 0.0 0.0 0.0 0.0 0.0 0.0 0.0}
replayTaskStats OAI22 Cin__VDD__lh__ACQ_1 {0.04 0.01 5.77 0.68 1 6.45096707344 engnx03a.utdallas.edu 1732985353.01 1732985359.46 1 0.0342490673065 6.4141600132 0.00199580192566 0.0039849281311 0.000701904296875 6.39570498466 0.0 0.0 0.0 0.0 0.0 0.0 0.0 0.0}
replayTaskStats OAI22 modeling {0.25 0.02 0.0 0.0 1 0.363042116165 engnx03a.utdallas.edu 1732985407.46 1732985407.82 1}
replayTaskStats OAI22 configure {0.17 0.02 0.0 0.0 1 0.235219955444 engnx01a.utdallas.edu 1733170264.54 1733170264.78 1}
replayTaskStats OAI22 delay__A__hl__OUT__lh__ACQ_1 {0.12 0.02 6.01 0.7 1 6.88078904152 engnx01a.utdallas.edu 1733170275.62 1733170282.5 1 0.0931129455566 6.78433012962 0.00190997123718 0.00771498680115 0.000869035720825 6.65317201614 0.0 0.0 0.0 0.0 0.0 0.0 0.0 0.0}
replayTaskStats OAI22 delay__A__lh__OUT__hl__ACQ_1 {0.06 0.0 5.94 0.65 1 6.59600400925 engnx01a.utdallas.edu 1733170282.5 1733170289.1 1 0.0403590202332 6.55314803123 0.00223302841187 0.00648999214172 0.000659942626953 6.52771782875 0.0 0.0 0.0 0.0 0.0 0.0 0.0 0.0}
replayTaskStats OAI22 delay__B__hl__OUT__lh__ACQ_1 {0.08 0.01 6.17 0.65 1 6.85204911232 engnx01a.utdallas.edu 1733170289.1 1733170295.95 1 0.0550699234009 6.79426598549 0.00310587882996 0.00629496574402 0.000641822814941 6.76629018784 0.0 0.0 0.0 0.0 0.0 0.0 0.0 0.0}
replayTaskStats OAI22 delay__B__lh__OUT__hl__ACQ_1 {0.06 0.02 6.14 0.67 1 6.83516693115 engnx01a.utdallas.edu 1733170295.95 1733170302.79 1 0.0552940368652 6.77707290649 0.00217700004578 0.00683307647705 0.000800132751465 6.7477350235 0.0 0.0 0.0 0.0 0.0 0.0 0.0 0.0}
replayTaskStats OAI22 delay__C__hl__OUT__lh__ACQ_1 {0.07 0.01 6.11 0.64 1 6.78240799904 engnx01a.utdallas.edu 1733170302.79 1733170309.57 1 0.0436141490936 6.73591303825 0.00200414657593 0.00680494308472 0.000676155090332 6.70967912674 0.0 0.0 0.0 0.0 0.0 0.0 0.0 0.0}
replayTaskStats OAI22 delay__C__lh__OUT__hl__ACQ_1 {0.05 0.01 6.03 0.67 1 6.72430300713 engnx01a.utdallas.edu 1733170309.57 1733170316.29 1 0.0398769378662 6.68173694611 0.00185489654541 0.00730204582214 0.000665187835693 6.6551990509 0.0 0.0 0.0 0.0 0.0 0.0 0.0 0.0}
replayTaskStats OAI22 delay__D__hl__OUT__lh__ACQ_1 {0.06 0.0 6.2 0.65 1 6.86537504196 engnx01a.utdallas.edu 1733170316.3 1733170323.16 1 0.0409948825836 6.82183718681 0.00240707397461 0.00702095031738 0.000672101974487 6.79523491859 0.0 0.0 0.0 0.0 0.0 0.0 0.0 0.0}
replayTaskStats OAI22 delay__D__lh__OUT__hl__ACQ_1 {0.06 0.01 6.08 0.68 1 6.77293300629 engnx01a.utdallas.edu 1733170323.16 1733170329.93 1 0.0446469783783 6.72557020187 0.00206589698792 0.00647187232971 0.000667095184326 6.69877505302 0.0 0.0 0.0 0.0 0.0 0.0 0.0 0.0}
replayTaskStats OAI22 leakage_power__ACQ_1 {0.05 0.0 5.92 0.65 1 6.57911586761 engnx01a.utdallas.edu 1733170329.93 1733170336.51 1 0.0311160087585 6.54534101486 0.00179696083069 0.00556397438049 0.00245094299316 6.52370691299 0.0 0.0 0.0 0.0 0.0 0.0 0.0 0.0}
replayTaskStats OAI22 Cin__VSS__hl__ACQ_1 {0.05 0.01 6.02 0.67 1 6.70742201805 engnx01a.utdallas.edu 1733170336.51 1733170343.22 1 0.0404789447784 6.66443300247 0.00193405151367 0.0110030174255 0.000640869140625 6.63899087906 0.0 0.0 0.0 0.0 0.0 0.0 0.0 0.0}
replayTaskStats OAI22 Cin__VSS__lh__ACQ_1 {0.05 0.01 5.86 0.65 1 6.50918602943 engnx01a.utdallas.edu 1733170343.22 1733170349.73 1 0.0346541404724 6.47092604637 0.00192308425903 0.0056049823761 0.000671863555908 6.45098280907 0.0 0.0 0.0 0.0 0.0 0.0 0.0 0.0}
replayTaskStats OAI22 Cin__VDD__hl__ACQ_1 {0.05 0.01 5.92 0.66 1 6.60221719742 engnx01a.utdallas.edu 1733170349.73 1733170356.33 1 0.0367479324341 6.56267404556 0.00186705589294 0.00533819198608 0.000700950622559 6.54210805893 0.0 0.0 0.0 0.0 0.0 0.0 0.0 0.0}
replayTaskStats OAI22 Cin__VDD__lh__ACQ_1 {0.04 0.0 5.95 0.66 1 6.61443209648 engnx01a.utdallas.edu 1733170356.34 1733170362.95 1 0.0354099273682 6.57634806633 0.00197792053223 0.00527787208557 0.000669002532959 6.55654287338 0.0 0.0 0.0 0.0 0.0 0.0 0.0 0.0}
replayTaskStats OAI22 modeling {0.24 0.01 0.0 0.0 1 0.27369594574 engnx01a.utdallas.edu 1733170382.48 1733170382.75 1}
