replayTaskStats NAND3 configure {0.03 0.0 0.0 0.0 1 0.0268268585205 engnx03a.utdallas.edu 1731205023.23 1731205023.26 1}
replayTaskStats NAND3 configure {0.03 0.0 0.0 0.0 1 0.0264940261841 engnx03a.utdallas.edu 1731205072.04 1731205072.07 1}
replayTaskStats OAI12 configure {0.24 0.01 0.0 0.0 1 0.271234989166 engnx03a.utdallas.edu 1731205110.79 1731205111.06 1}
replayTaskStats OAI12 delay__VA__lh__OUT__hl__ACQ_1 {0.12 0.01 5.94 0.73 1 6.83615207672 engnx03a.utdallas.edu 1731205123.46 1731205130.3 1 0.0855190753937 6.74728512764 0.00217199325562 0.0062038898468 0.000833034515381 6.62636208534 0.0 0.0 0.0 0.0 0.0 0.0 0.0 0.0}
replayTaskStats OAI12 delay__VA__hl__OUT__lh__ACQ_1 {0.06 0.01 5.97 0.72 1 6.69012713432 engnx03a.utdallas.edu 1731205130.3 1731205136.99 1 0.038419008255 6.64813113213 0.00181293487549 0.00567889213562 0.000641822814941 6.62350988388 0.0 0.0 0.0 0.0 0.0 0.0 0.0 0.0}
replayTaskStats OAI12 delay__VB__lh__OUT__hl__ACQ_1 {0.06 0.0 5.86 0.69 1 6.56794714928 engnx03a.utdallas.edu 1731205136.99 1731205143.56 1 0.0390310287476 6.52625608444 0.00202894210815 0.00540804862976 0.000700950622559 6.50101804733 0.0 0.0 0.0 0.0 0.0 0.0 0.0 0.0}
replayTaskStats OAI12 delay__VB__hl__OUT__lh__ACQ_1 {0.08 0.02 5.93 0.65 1 6.62281394005 engnx03a.utdallas.edu 1731205143.56 1731205150.18 1 0.0586650371552 6.56158995628 0.00204205513 0.00582408905029 0.000747919082642 6.52764701843 0.0 0.0 0.0 0.0 0.0 0.0 0.0 0.0}
replayTaskStats OAI12 delay__VC__lh__OUT__hl__ACQ_1 {0.05 0.01 5.97 0.68 1 6.66651296616 engnx03a.utdallas.edu 1731205150.18 1731205156.85 1 0.0377690792084 6.62609791756 0.00215196609497 0.00621604919434 0.000671863555908 6.60064792633 0.0 0.0 0.0 0.0 0.0 0.0 0.0 0.0}
replayTaskStats OAI12 leakage_power__ACQ_1 {0.05 0.01 5.76 0.64 1 6.40051007271 engnx03a.utdallas.edu 1731205163.47 1731205169.88 1 0.0275211334229 6.37032103539 0.00199103355408 0.00492000579834 0.00231790542603 6.3495850563 0.0 0.0 0.0 0.0 0.0 0.0 0.0 0.0}
replayTaskStats OAI12 delay__VC__hl__OUT__lh__ACQ_1 {0.06 0.0 5.93 0.69 1 6.62305998802 engnx03a.utdallas.edu 1731205156.85 1731205163.47 1 0.0380518436432 6.58252096176 0.00197720527649 0.0061240196228 0.000679969787598 6.55731606483 0.0 0.0 0.0 0.0 0.0 0.0 0.0 0.0}
replayTaskStats OAI12 Cin__VSS__lh__ACQ_1 {0.05 0.0 5.77 0.68 1 6.45415782928 engnx03a.utdallas.edu 1731205169.88 1731205176.33 1 0.03493309021 6.41667819023 0.00194692611694 0.00445604324341 0.000683069229126 6.39762020111 0.0 0.0 0.0 0.0 0.0 0.0 0.0 0.0}
replayTaskStats OAI12 Cin__VSS__hl__ACQ_1 {0.04 0.0 5.72 0.67 1 6.38218712807 engnx03a.utdallas.edu 1731205176.33 1731205182.71 1 0.0330929756165 6.34658288956 0.002121925354 0.00421595573425 0.000655889511108 6.32810306549 0.0 0.0 0.0 0.0 0.0 0.0 0.0 0.0}
replayTaskStats OAI12 Cin__VDD__lh__ACQ_1 {0.04 0.01 5.7 0.68 1 6.407777071 engnx03a.utdallas.edu 1731205182.71 1731205189.12 1 0.0313079357147 6.37376689911 0.00212287902832 0.00434708595276 0.000673055648804 6.35453796387 0.0 0.0 0.0 0.0 0.0 0.0 0.0 0.0}
replayTaskStats OAI12 Cin__VDD__hl__ACQ_1 {0.04 0.01 5.82 0.63 1 6.4407889843 engnx03a.utdallas.edu 1731205189.12 1731205195.56 1 0.0311908721924 6.40700817108 0.00220990180969 0.00433397293091 0.000694990158081 6.38800477982 0.0 0.0 0.0 0.0 0.0 0.0 0.0 0.0}
replayTaskStats OAI12 modeling {0.18 0.01 0.0 0.0 1 0.193367958069 engnx03a.utdallas.edu 1731205250.58 1731205250.77 1}
