replayTaskStats OAI22 configure {0.17 0.0 0.0 0.0 1 0.196052074432 engnx03a.utdallas.edu 1731204245.87 1731204246.06 1}
replayTaskStats OAI22 delay__VA__hl__OUT__lh__ACQ_1 {0.12 0.03 6.1 0.73 1 7.00215506554 engnx03a.utdallas.edu 1731204294.51 1731204301.51 1 0.105715990067 6.89398908615 0.00207901000977 0.00658917427063 0.000924110412598 6.7731089592 0.0 0.0 0.0 0.0 0.0 0.0 0.0 0.0}
replayTaskStats OAI22 delay__VA__lh__OUT__hl__ACQ_1 {0.06 0.0 5.94 0.65 1 6.60100603104 engnx03a.utdallas.edu 1731204301.51 1731204308.11 1 0.038859128952 6.55955696106 0.0021378993988 0.00570201873779 0.000638008117676 6.53501296043 0.0 0.0 0.0 0.0 0.0 0.0 0.0 0.0}
replayTaskStats OAI22 delay__VB__hl__OUT__lh__ACQ_1 {0.06 0.01 5.98 0.69 1 6.69578909874 engnx03a.utdallas.edu 1731204308.11 1731204314.81 1 0.0404579639435 6.65285587311 0.00206303596497 0.00562691688538 0.000632047653198 6.62785410881 0.0 0.0 0.0 0.0 0.0 0.0 0.0 0.0}
replayTaskStats OAI22 delay__VB__lh__OUT__hl__ACQ_1 {0.06 0.01 5.99 0.65 1 6.6514351368 engnx03a.utdallas.edu 1731204314.81 1731204321.46 1 0.0399601459503 6.60880184174 0.00195002555847 0.0057201385498 0.000645875930786 6.58431005478 0.0 0.0 0.0 0.0 0.0 0.0 0.0 0.0}
replayTaskStats OAI22 delay__VC__hl__OUT__lh__ACQ_1 {0.06 0.0 5.83 0.67 1 6.50388884544 engnx03a.utdallas.edu 1731204321.46 1731204327.97 1 0.0402011871338 6.46120500565 0.0021550655365 0.00583410263062 0.000627994537354 6.43659591675 0.0 0.0 0.0 0.0 0.0 0.0 0.0 0.0}
replayTaskStats OAI22 delay__VC__lh__OUT__hl__ACQ_1 {0.06 0.01 5.9 0.71 1 6.63310003281 engnx03a.utdallas.edu 1731204327.97 1731204334.6 1 0.0395820140839 6.59102702141 0.00210404396057 0.00575995445251 0.000638008117676 6.56654191017 0.0 0.0 0.0 0.0 0.0 0.0 0.0 0.0}
replayTaskStats OAI22 delay__VD__hl__OUT__lh__ACQ_1 {0.06 0.0 5.95 0.68 1 6.63897800446 engnx03a.utdallas.edu 1731204334.6 1731204341.24 1 0.0391459465027 6.59737610817 0.00207591056824 0.00573992729187 0.000629901885986 6.57302093506 0.0 0.0 0.0 0.0 0.0 0.0 0.0 0.0}
replayTaskStats OAI22 delay__VD__lh__OUT__hl__ACQ_1 {0.07 0.01 6.0 0.65 1 6.66524004936 engnx03a.utdallas.edu 1731204341.24 1731204347.91 1 0.0455272197723 6.61697101593 0.00202703475952 0.0061628818512 0.000753879547119 6.59006881714 0.0 0.0 0.0 0.0 0.0 0.0 0.0 0.0}
replayTaskStats OAI22 leakage_power__ACQ_1 {0.05 0.01 5.98 0.7 1 6.68862891197 engnx03a.utdallas.edu 1731204347.91 1731204354.6 1 0.0322971343994 6.65374398232 0.00206589698792 0.00434899330139 0.00247716903687 6.63275313377 0.0 0.0 0.0 0.0 0.0 0.0 0.0 0.0}
replayTaskStats OAI22 Cin__VSS__hl__ACQ_1 {0.05 0.01 5.76 0.68 1 6.44257807732 engnx03a.utdallas.edu 1731204354.6 1731204361.04 1 0.0361130237579 6.40396094322 0.00216794013977 0.00447916984558 0.000690937042236 6.38482904434 0.0 0.0 0.0 0.0 0.0 0.0 0.0 0.0}
replayTaskStats OAI22 Cin__VSS__lh__ACQ_1 {0.05 0.01 5.87 0.62 1 6.5048699379 engnx03a.utdallas.edu 1731204361.04 1731204367.54 1 0.0347111225128 6.46724009514 0.00275492668152 0.00536489486694 0.000849962234497 6.44488120079 0.0 0.0 0.0 0.0 0.0 0.0 0.0 0.0}
replayTaskStats OAI22 Cin__VDD__hl__ACQ_1 {0.05 0.0 5.8 0.68 1 6.47931194305 engnx03a.utdallas.edu 1731204367.54 1731204374.02 1 0.0416600704193 6.43485808372 0.00208306312561 0.00455403327942 0.000699996948242 6.41424393654 0.0 0.0 0.0 0.0 0.0 0.0 0.0 0.0}
replayTaskStats OAI22 Cin__VDD__lh__ACQ_1 {0.05 0.01 5.8 0.67 1 6.48504209518 engnx03a.utdallas.edu 1731204374.02 1731204380.51 1 0.0354261398315 6.44702386856 0.00221395492554 0.00422501564026 0.000746011734009 6.42704296112 0.0 0.0 0.0 0.0 0.0 0.0 0.0 0.0}
replayTaskStats OAI22 configure {0.17 0.02 0.0 0.0 1 0.223074197769 engnx03a.utdallas.edu 1732387889.96 1732387890.18 1}
replayTaskStats OAI22 delay__VA__hl__OUT__lh__ACQ_1 {0.12 0.02 6.02 0.73 1 6.92184996605 engnx03a.utdallas.edu 1732387903.36 1732387910.28 1 0.0900719165802 6.82854199409 0.00239992141724 0.00771498680115 0.000940084457397 6.70527601242 0.0 0.0 0.0 0.0 0.0 0.0 0.0 0.0}
replayTaskStats OAI22 delay__VA__lh__OUT__hl__ACQ_1 {0.06 0.0 6.11 0.71 1 6.84121704102 engnx03a.utdallas.edu 1732387910.28 1732387917.12 1 0.0440399646759 6.79469108582 0.00181198120117 0.00643515586853 0.000631093978882 6.76918816566 0.0 0.0 0.0 0.0 0.0 0.0 0.0 0.0}
replayTaskStats OAI22 delay__VB__hl__OUT__lh__ACQ_1 {0.07 0.01 6.05 0.69 1 6.7679438591 engnx03a.utdallas.edu 1732387917.12 1732387923.89 1 0.0561780929565 6.70931100845 0.00184202194214 0.00645899772644 0.000643968582153 6.68380284309 0.0 0.0 0.0 0.0 0.0 0.0 0.0 0.0}
replayTaskStats OAI22 delay__VB__lh__OUT__hl__ACQ_1 {0.06 0.02 6.0 0.67 1 6.68590188026 engnx03a.utdallas.edu 1732387923.89 1732387930.58 1 0.0445029735565 6.63880801201 0.00198483467102 0.00679707527161 0.000669956207275 6.61180305481 0.0 0.0 0.0 0.0 0.0 0.0 0.0 0.0}
replayTaskStats OAI22 delay__VC__hl__OUT__lh__ACQ_1 {0.06 0.0 6.09 0.7 1 6.80507802963 engnx03a.utdallas.edu 1732387930.58 1732387937.38 1 0.0429630279541 6.75952601433 0.0019838809967 0.00652694702148 0.000632047653198 6.73458003998 0.0 0.0 0.0 0.0 0.0 0.0 0.0 0.0}
replayTaskStats OAI22 delay__VC__lh__OUT__hl__ACQ_1 {0.06 0.01 6.05 0.69 1 6.74576497078 engnx03a.utdallas.edu 1732387937.38 1732387944.13 1 0.0396211147308 6.70364999771 0.00214290618896 0.00686693191528 0.000652074813843 6.67811918259 0.0 0.0 0.0 0.0 0.0 0.0 0.0 0.0}
replayTaskStats OAI22 delay__VD__hl__OUT__lh__ACQ_1 {0.06 0.01 5.98 0.71 1 6.69608688354 engnx03a.utdallas.edu 1732387944.13 1732387950.83 1 0.0413670539856 6.65205001831 0.00195598602295 0.00669193267822 0.000622034072876 6.62694621086 0.0 0.0 0.0 0.0 0.0 0.0 0.0 0.0}
replayTaskStats OAI22 delay__VD__lh__OUT__hl__ACQ_1 {0.06 0.0 6.01 0.67 1 6.69742894173 engnx03a.utdallas.edu 1732387950.83 1732387957.52 1 0.0403821468353 6.65456700325 0.00185203552246 0.00667405128479 0.000665903091431 6.62888908386 0.0 0.0 0.0 0.0 0.0 0.0 0.0 0.0}
replayTaskStats OAI22 leakage_power__ACQ_1 {0.04 0.01 5.95 0.7 1 6.64358711243 engnx03a.utdallas.edu 1732387957.52 1732387964.17 1 0.0306589603424 6.61026597023 0.00191807746887 0.00525283813477 0.00231909751892 6.58973789215 0.0 0.0 0.0 0.0 0.0 0.0 0.0 0.0}
replayTaskStats OAI22 Cin__VSS__hl__ACQ_1 {0.05 0.01 5.97 0.72 1 6.71623396873 engnx03a.utdallas.edu 1732387964.17 1732387970.89 1 0.0375390052795 6.67616200447 0.00205683708191 0.0225348472595 0.000624179840088 6.63965415955 0.0 0.0 0.0 0.0 0.0 0.0 0.0 0.0}
replayTaskStats OAI22 Cin__VSS__lh__ACQ_1 {0.05 0.0 5.96 0.7 1 6.65170788765 engnx03a.utdallas.edu 1732387970.89 1732387977.54 1 0.033007144928 6.61622691154 0.0020809173584 0.00510501861572 0.000612020492554 6.59757804871 0.0 0.0 0.0 0.0 0.0 0.0 0.0 0.0}
replayTaskStats OAI22 Cin__VDD__hl__ACQ_1 {0.05 0.01 5.92 0.72 1 6.64018106461 engnx03a.utdallas.edu 1732387977.54 1732387984.18 1 0.0331161022186 6.60453891754 0.00191497802734 0.00542306900024 0.000615119934082 6.58567094803 0.0 0.0 0.0 0.0 0.0 0.0 0.0 0.0}
replayTaskStats OAI22 Cin__VDD__lh__ACQ_1 {0.04 0.0 6.02 0.69 1 6.70077896118 engnx03a.utdallas.edu 1732387984.18 1732387990.88 1 0.0324051380157 6.6658449173 0.00195217132568 0.0048131942749 0.000624895095825 6.64736008644 0.0 0.0 0.0 0.0 0.0 0.0 0.0 0.0}
replayTaskStats OAI22 modeling {0.24 0.02 0.0 0.0 1 0.269819021225 engnx03a.utdallas.edu 1732388027.94 1732388028.21 1}
