replayTaskStats NAND3 configure {0.14 0.01 0.0 0.0 1 0.178247928619 engnx03a.utdallas.edu 1732983185.27 1732983185.45 1}
replayTaskStats NAND3 delay__B__lh__OUT__hl__ACQ_1 {0.11 0.02 6.06 0.73 1 6.95122504234 engnx03a.utdallas.edu 1732983192.25 1732983199.2 1 0.0845310688019 6.86345911026 0.00222682952881 0.00620889663696 0.000891208648682 6.73378610611 0.0 0.0 0.0 0.0 0.0 0.0 0.0 0.0}
replayTaskStats NAND3 delay__B__hl__OUT__lh__ACQ_1 {0.06 0.0 5.94 0.65 1 6.60255408287 engnx03a.utdallas.edu 1732983199.2 1732983205.8 1 0.0381979942322 6.56187415123 0.00218391418457 0.0057110786438 0.000678777694702 6.53710007668 0.0 0.0 0.0 0.0 0.0 0.0 0.0 0.0}
replayTaskStats NAND3 delay__C__lh__OUT__hl__ACQ_1 {0.05 0.01 6.02 0.68 1 6.71669793129 engnx03a.utdallas.edu 1732983205.8 1732983212.52 1 0.0375618934631 6.67661309242 0.00214910507202 0.00567412376404 0.000715017318726 6.65186691284 0.0 0.0 0.0 0.0 0.0 0.0 0.0 0.0}
replayTaskStats NAND3 delay__C__hl__OUT__lh__ACQ_1 {0.07 0.01 6.06 0.68 1 6.77597904205 engnx03a.utdallas.edu 1732983212.52 1732983219.29 1 0.0614438056946 6.711840868 0.0019371509552 0.0078067779541 0.000761032104492 6.68381404877 0.0 0.0 0.0 0.0 0.0 0.0 0.0 0.0}
replayTaskStats NAND3 delay__A__lh__OUT__hl__ACQ_1 {0.06 0.01 6.11 0.67 1 6.79598903656 engnx03a.utdallas.edu 1732983219.29 1732983226.09 1 0.0388810634613 6.7544939518 0.00227189064026 0.00594902038574 0.000643014907837 6.72978806496 0.0 0.0 0.0 0.0 0.0 0.0 0.0 0.0}
replayTaskStats NAND3 leakage_power__ACQ_1 {0.04 0.01 5.82 0.64 1 6.46023797989 engnx03a.utdallas.edu 1732983232.73 1732983239.19 1 0.0269780158997 6.4305870533 0.00189805030823 0.00404214859009 0.002121925354 6.41191601753 0.0 0.0 0.0 0.0 0.0 0.0 0.0 0.0}
replayTaskStats NAND3 delay__A__hl__OUT__lh__ACQ_1 {0.06 0.0 5.98 0.65 1 6.63381695747 engnx03a.utdallas.edu 1732983226.09 1732983232.72 1 0.0371789932251 6.59422302246 0.00184202194214 0.00568890571594 0.00064492225647 6.57045817375 0.0 0.0 0.0 0.0 0.0 0.0 0.0 0.0}
replayTaskStats NAND3 Cin__VSS__lh__ACQ_1 {0.05 0.0 5.8 0.67 1 6.46756291389 engnx03a.utdallas.edu 1732983239.19 1732983245.65 1 0.0333740711212 6.43168115616 0.00200700759888 0.0040910243988 0.000636100769043 6.41400790215 0.0 0.0 0.0 0.0 0.0 0.0 0.0 0.0}
replayTaskStats NAND3 Cin__VSS__hl__ACQ_1 {0.04 0.01 5.89 0.69 1 6.59305691719 engnx03a.utdallas.edu 1732983245.65 1732983252.25 1 0.0304210186005 6.56013894081 0.00186514854431 0.00393891334534 0.000647068023682 6.54251694679 0.0 0.0 0.0 0.0 0.0 0.0 0.0 0.0}
replayTaskStats NAND3 Cin__VDD__lh__ACQ_1 {0.05 0.0 5.83 0.64 1 6.45479989052 engnx03a.utdallas.edu 1732983252.25 1732983258.7 1 0.0290169715881 6.42331695557 0.00210690498352 0.00418400764465 0.000627994537354 6.40561318398 0.0 0.0 0.0 0.0 0.0 0.0 0.0 0.0}
replayTaskStats NAND3 Cin__VDD__hl__ACQ_1 {0.04 0.01 5.83 0.65 1 6.47846007347 engnx03a.utdallas.edu 1732983258.7 1732983265.18 1 0.0315148830414 6.44446897507 0.0020649433136 0.00453400611877 0.000643968582153 6.42617917061 0.0 0.0 0.0 0.0 0.0 0.0 0.0 0.0}
replayTaskStats NAND3 modeling {0.17 0.0 0.0 0.0 1 0.205444097519 engnx03a.utdallas.edu 1732983417.71 1732983417.92 1}
replayTaskStats NAND3 configure {0.13 0.01 0.0 0.0 1 0.172014951706 engnx01a.utdallas.edu 1733169165.96 1733169166.13 1}
replayTaskStats NAND3 delay__B__lh__OUT__hl__ACQ_1 {0.12 0.01 6.08 0.66 1 6.88731694221 engnx01a.utdallas.edu 1733169175.44 1733169182.33 1 0.0833230018616 6.80073189735 0.00201392173767 0.00727295875549 0.000825166702271 6.67142295837 0.0 0.0 0.0 0.0 0.0 0.0 0.0 0.0}
replayTaskStats NAND3 delay__B__hl__OUT__lh__ACQ_1 {0.06 0.0 5.97 0.63 1 6.62166905403 engnx01a.utdallas.edu 1733169182.33 1733169188.95 1 0.0378370285034 6.5813100338 0.00186109542847 0.00709390640259 0.000629901885986 6.555519104 0.0 0.0 0.0 0.0 0.0 0.0 0.0 0.0}
replayTaskStats NAND3 delay__C__lh__OUT__hl__ACQ_1 {0.06 0.01 5.98 0.65 1 6.63785195351 engnx01a.utdallas.edu 1733169188.95 1733169195.59 1 0.0366568565369 6.59870886803 0.00193285942078 0.0065450668335 0.000645160675049 6.57391309738 0.0 0.0 0.0 0.0 0.0 0.0 0.0 0.0}
replayTaskStats NAND3 delay__C__hl__OUT__lh__ACQ_1 {0.06 0.01 5.92 0.63 1 6.58304381371 engnx01a.utdallas.edu 1733169195.59 1733169202.17 1 0.0514409542084 6.52900409698 0.00211000442505 0.0144300460815 0.000854015350342 6.49391794205 0.0 0.0 0.0 0.0 0.0 0.0 0.0 0.0}
replayTaskStats NAND3 delay__A__lh__OUT__hl__ACQ_1 {0.06 0.02 6.11 0.67 1 6.79496598244 engnx01a.utdallas.edu 1733169202.18 1733169208.97 1 0.0391998291016 6.75320219994 0.00193405151367 0.00657486915588 0.000626802444458 6.72826910019 0.0 0.0 0.0 0.0 0.0 0.0 0.0 0.0}
replayTaskStats NAND3 leakage_power__ACQ_1 {0.05 0.01 6.08 0.65 1 6.72933316231 engnx01a.utdallas.edu 1733169215.51 1733169222.24 1 0.0301330089569 6.69656991959 0.0020010471344 0.00471901893616 0.00215888023376 6.67490315437 0.0 0.0 0.0 0.0 0.0 0.0 0.0 0.0}
replayTaskStats NAND3 delay__A__hl__OUT__lh__ACQ_1 {0.05 0.0 5.85 0.66 1 6.53732705116 engnx01a.utdallas.edu 1733169208.97 1733169215.51 1 0.0398981571198 6.49495601654 0.00179290771484 0.0065929889679 0.00062108039856 6.47037386894 0.0 0.0 0.0 0.0 0.0 0.0 0.0 0.0}
replayTaskStats NAND3 Cin__VSS__lh__ACQ_1 {0.05 0.0 5.81 0.67 1 6.46682286263 engnx01a.utdallas.edu 1733169222.24 1733169228.71 1 0.0374171733856 6.42654109001 0.0018630027771 0.00507688522339 0.00062084197998 6.40786600113 0.0 0.0 0.0 0.0 0.0 0.0 0.0 0.0}
replayTaskStats NAND3 Cin__VSS__hl__ACQ_1 {0.05 0.01 5.8 0.66 1 6.46480584145 engnx01a.utdallas.edu 1733169228.71 1733169235.17 1 0.0308730602264 6.43149900436 0.00190901756287 0.0051589012146 0.000629901885986 6.41224193573 0.0 0.0 0.0 0.0 0.0 0.0 0.0 0.0}
replayTaskStats NAND3 Cin__VDD__lh__ACQ_1 {0.04 0.0 5.95 0.69 1 6.64663004875 engnx01a.utdallas.edu 1733169235.17 1733169241.82 1 0.0310499668121 6.61313199997 0.00197291374207 0.00493597984314 0.000633001327515 6.59455299377 0.0 0.0 0.0 0.0 0.0 0.0 0.0 0.0}
replayTaskStats NAND3 Cin__VDD__hl__ACQ_1 {0.05 0.01 5.9 0.61 1 6.5172328949 engnx01a.utdallas.edu 1733169241.82 1733169248.34 1 0.031192779541 6.48357987404 0.00186204910278 0.00514888763428 0.000622034072876 6.46525812149 0.0 0.0 0.0 0.0 0.0 0.0 0.0 0.0}
replayTaskStats NAND3 modeling {0.18 0.01 0.0 0.0 1 0.212333917618 engnx01a.utdallas.edu 1733169282.8 1733169283.01 1}
