replayTaskStats NAND4 configure {0.16 0.01 0.0 0.0 1 0.194565057755 engnx03a.utdallas.edu 1732983622.1 1732983622.3 1}
replayTaskStats NAND4 delay__A__hl__OUT__lh__ACQ_1 {0.12 0.01 5.89 0.68 1 6.72954416275 engnx03a.utdallas.edu 1732983630.33 1732983637.06 1 0.0941309928894 6.63227319717 0.00224709510803 0.00630187988281 0.000837087631226 6.50569200516 0.0 0.0 0.0 0.0 0.0 0.0 0.0 0.0}
replayTaskStats NAND4 delay__A__lh__OUT__hl__ACQ_1 {0.06 0.0 5.94 0.66 1 6.60989308357 engnx03a.utdallas.edu 1732983637.06 1732983643.67 1 0.0397009849548 6.56766414642 0.00182390213013 0.00593495368958 0.000655889511108 6.5432100296 0.0 0.0 0.0 0.0 0.0 0.0 0.0 0.0}
replayTaskStats NAND4 delay__B__hl__OUT__lh__ACQ_1 {0.07 0.01 5.85 0.65 1 6.52619409561 engnx03a.utdallas.edu 1732983643.67 1732983650.19 1 0.0536677837372 6.47005701065 0.00191283226013 0.00585794448853 0.000639915466309 6.44512295723 0.0 0.0 0.0 0.0 0.0 0.0 0.0 0.0}
replayTaskStats NAND4 delay__B__lh__OUT__hl__ACQ_1 {0.06 0.01 5.98 0.63 1 6.62214398384 engnx03a.utdallas.edu 1732983650.19 1732983656.82 1 0.0424268245697 6.57708597183 0.00209808349609 0.00605416297913 0.000672101974487 6.54983997345 0.0 0.0 0.0 0.0 0.0 0.0 0.0 0.0}
replayTaskStats NAND4 delay__C__hl__OUT__lh__ACQ_1 {0.06 0.01 6.08 0.64 1 6.73711585999 engnx03a.utdallas.edu 1732983656.82 1732983663.55 1 0.0426139831543 6.6919400692 0.00209212303162 0.00574898719788 0.000637054443359 6.66744184494 0.0 0.0 0.0 0.0 0.0 0.0 0.0 0.0}
replayTaskStats NAND4 delay__C__lh__OUT__hl__ACQ_1 {0.06 0.01 5.81 0.7 1 6.51322102547 engnx03a.utdallas.edu 1732983663.55 1732983670.07 1 0.0390539169312 6.47169208527 0.00178694725037 0.00797390937805 0.000617980957031 6.44563484192 0.0 0.0 0.0 0.0 0.0 0.0 0.0 0.0}
replayTaskStats NAND4 delay__D__hl__OUT__lh__ACQ_1 {0.05 0.01 5.87 0.66 1 6.54779005051 engnx03a.utdallas.edu 1732983670.07 1732983676.62 1 0.0400810241699 6.50523090363 0.00188994407654 0.00572800636292 0.000627040863037 6.48101806641 0.0 0.0 0.0 0.0 0.0 0.0 0.0 0.0}
replayTaskStats NAND4 delay__D__lh__OUT__hl__ACQ_1 {0.06 0.0 6.07 0.67 1 6.74715709686 engnx03a.utdallas.edu 1732983676.62 1732983683.36 1 0.0395159721375 6.70518898964 0.00187683105469 0.00567007064819 0.000641822814941 6.68135905266 0.0 0.0 0.0 0.0 0.0 0.0 0.0 0.0}
replayTaskStats NAND4 leakage_power__ACQ_1 {0.05 0.01 5.66 0.65 1 6.30888414383 engnx03a.utdallas.edu 1732983683.36 1732983689.67 1 0.0294890403748 6.27677702904 0.00189518928528 0.00407814979553 0.00223803520203 6.25773978233 0.0 0.0 0.0 0.0 0.0 0.0 0.0 0.0}
replayTaskStats NAND4 Cin__VSS__hl__ACQ_1 {0.05 0.0 5.75 0.64 1 6.40031290054 engnx03a.utdallas.edu 1732983689.67 1732983696.07 1 0.0370619297028 6.3607878685 0.00212502479553 0.00388288497925 0.000637054443359 6.34296703339 0.0 0.0 0.0 0.0 0.0 0.0 0.0 0.0}
replayTaskStats NAND4 Cin__VSS__lh__ACQ_1 {0.04 0.01 5.78 0.68 1 6.45834589005 engnx03a.utdallas.edu 1732983696.08 1732983702.53 1 0.0328500270844 6.42303085327 0.00195288658142 0.0044162273407 0.000630140304565 6.40485906601 0.0 0.0 0.0 0.0 0.0 0.0 0.0 0.0}
replayTaskStats NAND4 Cin__VDD__hl__ACQ_1 {0.05 0.01 5.76 0.68 1 6.43065404892 engnx03a.utdallas.edu 1732983702.53 1732983708.96 1 0.0328030586243 6.39534711838 0.00207495689392 0.00427389144897 0.000635147094727 6.37724685669 0.0 0.0 0.0 0.0 0.0 0.0 0.0 0.0}
replayTaskStats NAND4 Cin__VDD__lh__ACQ_1 {0.04 0.0 5.66 0.66 1 6.30428195 engnx03a.utdallas.edu 1732983708.97 1732983715.27 1 0.0317130088806 6.27012205124 0.00180101394653 0.00415396690369 0.00061821937561 6.25276613235 0.0 0.0 0.0 0.0 0.0 0.0 0.0 0.0}
replayTaskStats NAND4 modeling {0.23 0.0 0.0 0.0 1 0.25585103035 engnx03a.utdallas.edu 1732983772.44 1732983772.7 1}
replayTaskStats NAND4 configure {0.17 0.01 0.0 0.0 1 0.221032142639 engnx01a.utdallas.edu 1733169361.03 1733169361.25 1}
replayTaskStats NAND4 delay__A__hl__OUT__lh__ACQ_1 {0.13 0.01 6.14 0.71 1 7.02311015129 engnx01a.utdallas.edu 1733169370.17 1733169377.19 1 0.100172042847 6.91951012611 0.00209403038025 0.00817799568176 0.000871181488037 6.78791999817 0.0 0.0 0.0 0.0 0.0 0.0 0.0 0.0}
replayTaskStats NAND4 delay__A__lh__OUT__hl__ACQ_1 {0.07 0.0 6.0 0.65 1 6.66999411583 engnx01a.utdallas.edu 1733169377.19 1733169383.86 1 0.0409960746765 6.62647986412 0.00213003158569 0.0065770149231 0.000668048858643 6.60071206093 0.0 0.0 0.0 0.0 0.0 0.0 0.0 0.0}
replayTaskStats NAND4 delay__B__hl__OUT__lh__ACQ_1 {0.08 0.01 6.03 0.6 1 6.66364002228 engnx01a.utdallas.edu 1733169383.86 1733169390.52 1 0.0606191158295 6.60053110123 0.00188779830933 0.00669598579407 0.000669002532959 6.57416296005 0.0 0.0 0.0 0.0 0.0 0.0 0.0 0.0}
replayTaskStats NAND4 delay__B__lh__OUT__hl__ACQ_1 {0.06 0.01 5.96 0.62 1 6.60758304596 engnx01a.utdallas.edu 1733169390.52 1733169397.13 1 0.0507678985596 6.55422306061 0.00201106071472 0.00687909126282 0.00068998336792 6.52652812004 0.0 0.0 0.0 0.0 0.0 0.0 0.0 0.0}
replayTaskStats NAND4 delay__C__hl__OUT__lh__ACQ_1 {0.06 0.01 6.11 0.6 1 6.73925995827 engnx01a.utdallas.edu 1733169397.13 1733169403.87 1 0.0418751239777 6.69480705261 0.00192713737488 0.00676894187927 0.000675916671753 6.66966080666 0.0 0.0 0.0 0.0 0.0 0.0 0.0 0.0}
replayTaskStats NAND4 delay__C__lh__OUT__hl__ACQ_1 {0.06 0.0 6.0 0.64 1 6.64852905273 engnx01a.utdallas.edu 1733169403.87 1733169410.52 1 0.0394520759583 6.60660386086 0.00176811218262 0.00684714317322 0.000616073608398 6.58171987534 0.0 0.0 0.0 0.0 0.0 0.0 0.0 0.0}
replayTaskStats NAND4 delay__D__hl__OUT__lh__ACQ_1 {0.06 0.01 5.95 0.64 1 6.61013197899 engnx01a.utdallas.edu 1733169410.52 1733169417.13 1 0.0409638881683 6.56663799286 0.00228881835938 0.00653600692749 0.000631809234619 6.54108309746 0.0 0.0 0.0 0.0 0.0 0.0 0.0 0.0}
replayTaskStats NAND4 delay__D__lh__OUT__hl__ACQ_1 {0.06 0.0 5.95 0.61 1 6.58870315552 engnx01a.utdallas.edu 1733169417.13 1733169423.72 1 0.0408818721771 6.54522895813 0.00179600715637 0.00656199455261 0.000648021697998 6.51981091499 0.0 0.0 0.0 0.0 0.0 0.0 0.0 0.0}
replayTaskStats NAND4 leakage_power__ACQ_1 {0.05 0.01 5.8 0.64 1 6.4462659359 engnx01a.utdallas.edu 1733169423.72 1733169430.17 1 0.0304248332977 6.41295981407 0.00192713737488 0.00501084327698 0.0024299621582 6.39237689972 0.0 0.0 0.0 0.0 0.0 0.0 0.0 0.0}
replayTaskStats NAND4 Cin__VSS__hl__ACQ_1 {0.05 0.01 6.01 0.67 1 6.6837079525 engnx01a.utdallas.edu 1733169430.17 1733169436.85 1 0.0373220443726 6.64382576942 0.00199508666992 0.0050060749054 0.000675916671753 6.62495088577 0.0 0.0 0.0 0.0 0.0 0.0 0.0 0.0}
replayTaskStats NAND4 Cin__VSS__lh__ACQ_1 {0.04 0.01 5.88 0.68 1 6.57958602905 engnx01a.utdallas.edu 1733169436.85 1733169443.43 1 0.0344269275665 6.54265117645 0.00187706947327 0.00532197952271 0.000632047653198 6.52366399765 0.0 0.0 0.0 0.0 0.0 0.0 0.0 0.0}
replayTaskStats NAND4 Cin__VDD__hl__ACQ_1 {0.05 0.0 5.9 0.65 1 6.54954504967 engnx01a.utdallas.edu 1733169443.43 1733169449.98 1 0.0337710380554 6.51330590248 0.00191116333008 0.00537991523743 0.000638008117676 6.49449896812 0.0 0.0 0.0 0.0 0.0 0.0 0.0 0.0}
replayTaskStats NAND4 Cin__VDD__lh__ACQ_1 {0.04 0.01 5.99 0.63 1 6.62538290024 engnx01a.utdallas.edu 1733169449.98 1733169456.61 1 0.0334320068359 6.5894510746 0.00182914733887 0.00618696212769 0.000627994537354 6.56978607178 0.0 0.0 0.0 0.0 0.0 0.0 0.0 0.0}
replayTaskStats NAND4 modeling {0.24 0.02 0.0 0.0 1 0.277492046356 engnx01a.utdallas.edu 1733169480.64 1733169480.92 1}
