replayTaskStats AOI12 configure {0.01 0.0 0.0 0.0 1 0.00722694396973 engnx03a.utdallas.edu 1731199786.34 1731199786.35 1}
replayTaskStats AOI12 configure {0.15 0.0 0.0 0.0 1 0.178464889526 engnx03a.utdallas.edu 1731200077.18 1731200077.35 1}
replayTaskStats AOI12 configure {0.15 0.01 0.0 0.0 1 0.198231935501 engnx03a.utdallas.edu 1731200104.95 1731200105.15 1}
replayTaskStats AOI12 delay__VA__lh__OUT__hl__ACQ_1 {0.12 0.02 6.2 0.69 1 7.09801316261 engnx03a.utdallas.edu 1731200141.46 1731200148.55 1 0.0857019424438 7.00909996033 0.00233697891235 0.00659418106079 0.000850915908813 6.88380503654 0.0 0.0 0.0 0.0 0.0 0.0 0.0 0.0}
replayTaskStats AOI12 delay__VA__hl__OUT__lh__ACQ_1 {0.05 0.0 6.06 0.71 1 6.77881002426 engnx03a.utdallas.edu 1731200148.55 1731200155.33 1 0.0378129482269 6.73846006393 0.00201916694641 0.00587701797485 0.00071907043457 6.71332383156 0.0 0.0 0.0 0.0 0.0 0.0 0.0 0.0}
replayTaskStats AOI12 delay__VB__lh__OUT__hl__ACQ_1 {0.06 0.01 6.08 0.67 1 6.79014110565 engnx03a.utdallas.edu 1731200155.33 1731200162.12 1 0.0391569137573 6.74829101562 0.00191497802734 0.0229349136353 0.000684976577759 6.70647192001 0.0 0.0 0.0 0.0 0.0 0.0 0.0 0.0}
replayTaskStats AOI12 delay__VB__hl__OUT__lh__ACQ_1 {0.08 0.02 6.21 0.71 1 6.98969388008 engnx03a.utdallas.edu 1731200162.12 1731200169.11 1 0.0733690261841 6.91363811493 0.00204515457153 0.00572896003723 0.000694036483765 6.88727283478 0.0 0.0 0.0 0.0 0.0 0.0 0.0 0.0}
replayTaskStats AOI12 delay__VC__lh__OUT__hl__ACQ_1 {0.06 0.0 6.12 0.66 1 6.79968595505 engnx03a.utdallas.edu 1731200169.12 1731200175.92 1 0.0395400524139 6.7575480938 0.0022509098053 0.00595092773438 0.000629901885986 6.73235321045 0.0 0.0 0.0 0.0 0.0 0.0 0.0 0.0}
replayTaskStats AOI12 delay__VC__hl__OUT__lh__ACQ_1 {0.06 0.01 5.98 0.61 1 6.61037302017 engnx03a.utdallas.edu 1731200175.92 1731200182.53 1 0.0389349460602 6.56886720657 0.00212001800537 0.00640606880188 0.000684022903442 6.5431330204 0.0 0.0 0.0 0.0 0.0 0.0 0.0 0.0}
replayTaskStats AOI12 leakage_power__ACQ_1 {0.42 0.05 63.61 6.83 1 70.440500021 engnx03a.utdallas.edu 1731200182.53 1731200252.97 1 0.0286791324615 7.59251689911 0.00239992141724 0.00546813011169 0.00204014778137 69.94105196 0.0 0.0 0.0 0.0 0.0 0.0 0.0 0.0}
replayTaskStats AOI12 leakage_power__ACQ_1 {0.42 0.05 63.61 6.83 1 70.4411058426 engnx03a.utdallas.edu 1731200182.53 1731200252.97 1 0.0286791324615 7.59251689911 0.00239992141724 0.00546813011169 0.00204014778137 69.94105196 0.0 0.0 0.0 0.0 0.0 0.0 0.0 0.0}
replayTaskStats AOI12 leakage_power__ACQ_1 {0.42 0.05 63.61 6.83 1 70.4417119026 engnx03a.utdallas.edu 1731200182.53 1731200252.97 1 0.0286791324615 7.59251689911 0.00239992141724 0.00546813011169 0.00204014778137 69.94105196 0.0 0.0 0.0 0.0 0.0 0.0 0.0 0.0}
replayTaskStats AOI12 leakage_power__ACQ_1 {0.43 0.05 63.61 6.83 1 70.4423148632 engnx03a.utdallas.edu 1731200182.53 1731200252.97 1 0.0286791324615 7.59251689911 0.00239992141724 0.00546813011169 0.00204014778137 69.94105196 0.0 0.0 0.0 0.0 0.0 0.0 0.0 0.0}
replayTaskStats AOI12 leakage_power__ACQ_1 {0.43 0.05 63.61 6.83 1 70.4429049492 engnx03a.utdallas.edu 1731200182.53 1731200252.97 1 0.0286791324615 7.59251689911 0.00239992141724 0.00546813011169 0.00204014778137 69.94105196 0.0 0.0 0.0 0.0 0.0 0.0 0.0 0.0}
replayTaskStats AOI12 leakage_power__ACQ_1 {0.43 0.05 63.61 6.83 1 70.4435038567 engnx03a.utdallas.edu 1731200182.53 1731200252.97 1 0.0286791324615 7.59251689911 0.00239992141724 0.00546813011169 0.00204014778137 69.94105196 0.0 0.0 0.0 0.0 0.0 0.0 0.0 0.0}
replayTaskStats AOI12 leakage_power__ACQ_1 {0.43 0.05 63.61 6.83 1 70.4440999031 engnx03a.utdallas.edu 1731200182.53 1731200252.97 1 0.0286791324615 7.59251689911 0.00239992141724 0.00546813011169 0.00204014778137 69.94105196 0.0 0.0 0.0 0.0 0.0 0.0 0.0 0.0}
replayTaskStats AOI12 leakage_power__ACQ_1 {0.43 0.05 63.61 6.83 1 70.4446909428 engnx03a.utdallas.edu 1731200182.53 1731200252.97 1 0.0286791324615 7.59251689911 0.00239992141724 0.00546813011169 0.00204014778137 69.94105196 0.0 0.0 0.0 0.0 0.0 0.0 0.0 0.0}
replayTaskStats AOI12 leakage_power__ACQ_1 {0.43 0.05 63.61 6.83 1 70.4452819824 engnx03a.utdallas.edu 1731200182.53 1731200252.97 1 0.0286791324615 7.59251689911 0.00239992141724 0.00546813011169 0.00204014778137 69.94105196 0.0 0.0 0.0 0.0 0.0 0.0 0.0 0.0}
replayTaskStats AOI12 leakage_power__ACQ_1 {0.43 0.05 63.61 6.83 1 70.4458608627 engnx03a.utdallas.edu 1731200182.53 1731200252.97 1 0.0286791324615 7.59251689911 0.00239992141724 0.00546813011169 0.00204014778137 69.94105196 0.0 0.0 0.0 0.0 0.0 0.0 0.0 0.0}
replayTaskStats AOI12 Cin__VSS__lh__ACQ_1 {0.05 0.01 5.8 0.69 1 6.48151898384 engnx03a.utdallas.edu 1731200252.97 1731200259.46 1 0.0340659618378 6.44476890564 0.00185394287109 0.00414109230042 0.000617980957031 6.42744112015 0.0 0.0 0.0 0.0 0.0 0.0 0.0 0.0}
replayTaskStats AOI12 Cin__VSS__hl__ACQ_1 {0.04 0.0 5.89 0.67 1 6.58644485474 engnx03a.utdallas.edu 1731200259.46 1731200266.04 1 0.0314741134644 6.55250191689 0.00184297561646 0.00427985191345 0.000622987747192 6.53411102295 0.0 0.0 0.0 0.0 0.0 0.0 0.0 0.0}
replayTaskStats AOI12 Cin__VDD__lh__ACQ_1 {0.05 0.01 6.06 0.67 1 6.72347903252 engnx03a.utdallas.edu 1731200266.04 1731200272.77 1 0.0331020355225 6.68792104721 0.00181698799133 0.00405693054199 0.000624895095825 6.6703979969 0.0 0.0 0.0 0.0 0.0 0.0 0.0 0.0}
replayTaskStats AOI12 Cin__VDD__hl__ACQ_1 {0.04 0.0 6.0 0.66 1 6.6545817852 engnx03a.utdallas.edu 1731200272.77 1731200279.42 1 0.0305988788605 6.6214799881 0.00228500366211 0.00410795211792 0.000626802444458 6.60375595093 0.0 0.0 0.0 0.0 0.0 0.0 0.0 0.0}
replayTaskStats AOI12 configure {0.13 0.02 0.0 0.0 1 0.191203832626 engnx03a.utdallas.edu 1732385949.33 1732385949.52 1}
replayTaskStats AOI12 delay__VA__lh__OUT__hl__ACQ_1 {0.11 0.01 6.0 0.74 1 6.83112812042 engnx03a.utdallas.edu 1732385961.39 1732385968.22 1 0.0852229595184 6.74265813828 0.00233507156372 0.0078182220459 0.000899076461792 6.61549592018 0.0 0.0 0.0 0.0 0.0 0.0 0.0 0.0}
replayTaskStats AOI12 delay__VA__hl__OUT__lh__ACQ_1 {0.06 0.01 5.93 0.65 1 6.57668995857 engnx03a.utdallas.edu 1732385968.22 1732385974.8 1 0.0397398471832 6.53430390358 0.00178813934326 0.00633001327515 0.000640153884888 6.50955319405 0.0 0.0 0.0 0.0 0.0 0.0 0.0 0.0}
replayTaskStats AOI12 delay__VB__lh__OUT__hl__ACQ_1 {0.06 0.01 5.95 0.63 1 6.58811688423 engnx03a.utdallas.edu 1732385974.8 1732385981.39 1 0.036406993866 6.54921507835 0.00207114219666 0.00714612007141 0.000650882720947 6.52362918854 0.0 0.0 0.0 0.0 0.0 0.0 0.0 0.0}
replayTaskStats AOI12 delay__VB__hl__OUT__lh__ACQ_1 {0.07 0.01 5.97 0.66 1 6.66960883141 engnx03a.utdallas.edu 1732385981.39 1732385988.06 1 0.0598170757294 6.60716795921 0.0021550655365 0.0068359375 0.000688791275024 6.5795519352 0.0 0.0 0.0 0.0 0.0 0.0 0.0 0.0}
replayTaskStats AOI12 delay__VC__lh__OUT__hl__ACQ_1 {0.06 0.0 5.96 0.65 1 6.61623311043 engnx03a.utdallas.edu 1732385988.06 1732385994.67 1 0.0385410785675 6.57512688637 0.00190997123718 0.00699496269226 0.000649929046631 6.54982805252 0.0 0.0 0.0 0.0 0.0 0.0 0.0 0.0}
replayTaskStats AOI12 delay__VC__hl__OUT__lh__ACQ_1 {0.06 0.01 6.05 0.66 1 6.72986102104 engnx03a.utdallas.edu 1732385994.67 1732386001.4 1 0.038388967514 6.68893289566 0.00206089019775 0.00885987281799 0.000640869140625 6.66083407402 0.0 0.0 0.0 0.0 0.0 0.0 0.0 0.0}
replayTaskStats AOI12 leakage_power__ACQ_1 {0.44 0.07 64.57 6.7 1 71.3240070343 engnx03a.utdallas.edu 1732386001.41 1732386072.73 1 0.0303611755371 7.45487499237 0.00206303596497 0.00567579269409 0.00204396247864 70.7786812782 0.0 0.0 0.0 0.0 0.0 0.0 0.0 0.0}
replayTaskStats AOI12 leakage_power__ACQ_1 {0.45 0.07 64.57 6.7 1 71.3245589733 engnx03a.utdallas.edu 1732386001.41 1732386072.73 1 0.0303611755371 7.45487499237 0.00206303596497 0.00567579269409 0.00204396247864 70.7786812782 0.0 0.0 0.0 0.0 0.0 0.0 0.0 0.0}
replayTaskStats AOI12 leakage_power__ACQ_1 {0.45 0.07 64.57 6.7 1 71.3250379562 engnx03a.utdallas.edu 1732386001.41 1732386072.73 1 0.0303611755371 7.45487499237 0.00206303596497 0.00567579269409 0.00204396247864 70.7786812782 0.0 0.0 0.0 0.0 0.0 0.0 0.0 0.0}
replayTaskStats AOI12 leakage_power__ACQ_1 {0.45 0.07 64.57 6.7 1 71.3255860806 engnx03a.utdallas.edu 1732386001.41 1732386072.73 1 0.0303611755371 7.45487499237 0.00206303596497 0.00567579269409 0.00204396247864 70.7786812782 0.0 0.0 0.0 0.0 0.0 0.0 0.0 0.0}
replayTaskStats AOI12 leakage_power__ACQ_1 {0.45 0.07 64.57 6.7 1 71.3260688782 engnx03a.utdallas.edu 1732386001.41 1732386072.73 1 0.0303611755371 7.45487499237 0.00206303596497 0.00567579269409 0.00204396247864 70.7786812782 0.0 0.0 0.0 0.0 0.0 0.0 0.0 0.0}
replayTaskStats AOI12 leakage_power__ACQ_1 {0.45 0.07 64.57 6.7 1 71.3265590668 engnx03a.utdallas.edu 1732386001.41 1732386072.73 1 0.0303611755371 7.45487499237 0.00206303596497 0.00567579269409 0.00204396247864 70.7786812782 0.0 0.0 0.0 0.0 0.0 0.0 0.0 0.0}
replayTaskStats AOI12 leakage_power__ACQ_1 {0.45 0.07 64.57 6.7 1 71.3270409107 engnx03a.utdallas.edu 1732386001.41 1732386072.73 1 0.0303611755371 7.45487499237 0.00206303596497 0.00567579269409 0.00204396247864 70.7786812782 0.0 0.0 0.0 0.0 0.0 0.0 0.0 0.0}
replayTaskStats AOI12 leakage_power__ACQ_1 {0.45 0.07 64.57 6.7 1 71.3275258541 engnx03a.utdallas.edu 1732386001.41 1732386072.73 1 0.0303611755371 7.45487499237 0.00206303596497 0.00567579269409 0.00204396247864 70.7786812782 0.0 0.0 0.0 0.0 0.0 0.0 0.0 0.0}
replayTaskStats AOI12 leakage_power__ACQ_1 {0.45 0.07 64.57 6.7 1 71.3280129433 engnx03a.utdallas.edu 1732386001.41 1732386072.73 1 0.0303611755371 7.45487499237 0.00206303596497 0.00567579269409 0.00204396247864 70.7786812782 0.0 0.0 0.0 0.0 0.0 0.0 0.0 0.0}
replayTaskStats AOI12 leakage_power__ACQ_1 {0.45 0.07 64.57 6.7 1 71.3285109997 engnx03a.utdallas.edu 1732386001.41 1732386072.74 1 0.0303611755371 7.45487499237 0.00206303596497 0.00567579269409 0.00204396247864 70.7786812782 0.0 0.0 0.0 0.0 0.0 0.0 0.0 0.0}
replayTaskStats AOI12 Cin__VSS__lh__ACQ_1 {0.05 0.0 5.96 0.7 1 6.66584300995 engnx03a.utdallas.edu 1732386072.74 1732386079.4 1 0.0388920307159 6.62409591675 0.00220584869385 0.0152080059052 0.000784158706665 6.5918970108 0.0 0.0 0.0 0.0 0.0 0.0 0.0 0.0}
replayTaskStats AOI12 Cin__VSS__hl__ACQ_1 {0.05 0.01 5.79 0.66 1 6.47097587585 engnx03a.utdallas.edu 1732386079.4 1732386085.87 1 0.0338959693909 6.43446111679 0.00283098220825 0.00603318214417 0.000700950622559 6.41181206703 0.0 0.0 0.0 0.0 0.0 0.0 0.0 0.0}
replayTaskStats AOI12 Cin__VDD__lh__ACQ_1 {0.05 0.01 5.98 0.69 1 6.67885804176 engnx03a.utdallas.edu 1732386085.87 1732386092.55 1 0.0332889556885 6.64297890663 0.00241494178772 0.00532603263855 0.000698089599609 6.62255692482 0.0 0.0 0.0 0.0 0.0 0.0 0.0 0.0}
replayTaskStats AOI12 Cin__VDD__hl__ACQ_1 {0.04 0.01 5.75 0.64 1 6.38688802719 engnx03a.utdallas.edu 1732386092.55 1732386098.94 1 0.0325560569763 6.35167598724 0.00217199325562 0.00492715835571 0.000887870788574 6.33119797707 0.0 0.0 0.0 0.0 0.0 0.0 0.0 0.0}
replayTaskStats AOI12 modeling {0.19 0.01 0.0 0.0 1 0.246585130692 engnx03a.utdallas.edu 1732386320.91 1732386321.16 1}
