replayTaskStats INV configure {0.06 0.0 0.0 0.0 1 0.0869481563568 engnx03a.utdallas.edu 1732830591.21 1732830591.3 1}
replayTaskStats INV delay__IN__lh__OUT__hl__ACQ_1 {0.1 0.01 5.95 0.72 1 6.81884288788 engnx03a.utdallas.edu 1732830601.22 1732830608.04 1 0.0729911327362 6.7427251339 0.0023307800293 0.00651001930237 0.000855922698975 6.62971019745 0.0 0.0 0.0 0.0 0.0 0.0 0.0 0.0}
replayTaskStats INV delay__IN__hl__OUT__lh__ACQ_1 {0.05 0.0 5.79 0.65 1 6.43114304543 engnx03a.utdallas.edu 1732830608.04 1732830614.47 1 0.0308320522308 6.39784502983 0.0022189617157 0.00601100921631 0.000671863555908 6.37347507477 0.0 0.0 0.0 0.0 0.0 0.0 0.0 0.0}
replayTaskStats INV leakage_power__ACQ_1 {0.35 0.06 62.04 6.19 1 68.1508550644 engnx03a.utdallas.edu 1732830614.47 1732830682.63 1 0.0208139419556 7.53896093369 0.00196504592896 0.00562500953674 0.0014431476593 67.7149152756 0.0 0.0 0.0 0.0 0.0 0.0 0.0 0.0}
replayTaskStats INV leakage_power__ACQ_1 {0.35 0.06 62.04 6.19 1 68.1513500214 engnx03a.utdallas.edu 1732830614.47 1732830682.63 1 0.0208139419556 7.53896093369 0.00196504592896 0.00562500953674 0.0014431476593 67.7149152756 0.0 0.0 0.0 0.0 0.0 0.0 0.0 0.0}
replayTaskStats INV leakage_power__ACQ_1 {0.35 0.06 62.04 6.19 1 68.1518268585 engnx03a.utdallas.edu 1732830614.47 1732830682.63 1 0.0208139419556 7.53896093369 0.00196504592896 0.00562500953674 0.0014431476593 67.7149152756 0.0 0.0 0.0 0.0 0.0 0.0 0.0 0.0}
replayTaskStats INV leakage_power__ACQ_1 {0.35 0.06 62.04 6.19 1 68.1523029804 engnx03a.utdallas.edu 1732830614.47 1732830682.63 1 0.0208139419556 7.53896093369 0.00196504592896 0.00562500953674 0.0014431476593 67.7149152756 0.0 0.0 0.0 0.0 0.0 0.0 0.0 0.0}
replayTaskStats INV leakage_power__ACQ_1 {0.35 0.06 62.04 6.19 1 68.1527869701 engnx03a.utdallas.edu 1732830614.47 1732830682.63 1 0.0208139419556 7.53896093369 0.00196504592896 0.00562500953674 0.0014431476593 67.7149152756 0.0 0.0 0.0 0.0 0.0 0.0 0.0 0.0}
replayTaskStats INV leakage_power__ACQ_1 {0.35 0.06 62.04 6.19 1 68.1532609463 engnx03a.utdallas.edu 1732830614.47 1732830682.63 1 0.0208139419556 7.53896093369 0.00196504592896 0.00562500953674 0.0014431476593 67.7149152756 0.0 0.0 0.0 0.0 0.0 0.0 0.0 0.0}
replayTaskStats INV leakage_power__ACQ_1 {0.35 0.06 62.04 6.19 1 68.1537649632 engnx03a.utdallas.edu 1732830614.47 1732830682.63 1 0.0208139419556 7.53896093369 0.00196504592896 0.00562500953674 0.0014431476593 67.7149152756 0.0 0.0 0.0 0.0 0.0 0.0 0.0 0.0}
replayTaskStats INV leakage_power__ACQ_1 {0.35 0.06 62.04 6.19 1 68.1542420387 engnx03a.utdallas.edu 1732830614.47 1732830682.63 1 0.0208139419556 7.53896093369 0.00196504592896 0.00562500953674 0.0014431476593 67.7149152756 0.0 0.0 0.0 0.0 0.0 0.0 0.0 0.0}
replayTaskStats INV leakage_power__ACQ_1 {0.35 0.06 62.04 6.19 1 68.1547150612 engnx03a.utdallas.edu 1732830614.47 1732830682.63 1 0.0208139419556 7.53896093369 0.00196504592896 0.00562500953674 0.0014431476593 67.7149152756 0.0 0.0 0.0 0.0 0.0 0.0 0.0 0.0}
replayTaskStats INV leakage_power__ACQ_1 {0.36 0.06 62.04 6.19 1 68.1552100182 engnx03a.utdallas.edu 1732830614.47 1732830682.63 1 0.0208139419556 7.53896093369 0.00196504592896 0.00562500953674 0.0014431476593 67.7149152756 0.0 0.0 0.0 0.0 0.0 0.0 0.0 0.0}
replayTaskStats INV Cin__VSS__lh__ACQ_1 {0.04 0.01 5.74 0.63 1 6.36733484268 engnx03a.utdallas.edu 1732830682.63 1732830689.0 1 0.0274889469147 6.33693194389 0.00205492973328 0.00415086746216 0.000635147094727 6.3195579052 0.0 0.0 0.0 0.0 0.0 0.0 0.0 0.0}
replayTaskStats INV Cin__VSS__hl__ACQ_1 {0.04 0.0 5.76 0.62 1 6.37244582176 engnx03a.utdallas.edu 1732830689.0 1732830695.37 1 0.0256769657135 6.3442671299 0.00201106071472 0.00411987304688 0.000639200210571 6.3265068531 0.0 0.0 0.0 0.0 0.0 0.0 0.0 0.0}
replayTaskStats INV Cin__VDD__lh__ACQ_1 {0.03 0.01 6.04 0.64 1 6.67051100731 engnx03a.utdallas.edu 1732830695.37 1732830702.04 1 0.0242509841919 6.64375710487 0.00199794769287 0.00424695014954 0.000625133514404 6.62594008446 0.0 0.0 0.0 0.0 0.0 0.0 0.0 0.0}
replayTaskStats INV Cin__VDD__hl__ACQ_1 {0.04 0.0 5.67 0.67 1 6.32757997513 engnx03a.utdallas.edu 1732830702.04 1732830708.37 1 0.024267911911 6.30064797401 0.00227689743042 0.00429797172546 0.000652074813843 6.28265094757 0.0 0.0 0.0 0.0 0.0 0.0 0.0 0.0}
replayTaskStats INV modeling {0.12 0.01 0.0 0.0 1 0.139824867249 engnx03a.utdallas.edu 1732830743.78 1732830743.92 1}
