replayTaskStats XOR2 configure {0.15 0.02 0.0 0.0 1 0.19935297966 engnx03a.utdallas.edu 1732986052.53 1732986052.73 1}
replayTaskStats XOR2 delay__A__hl__OUT__hl__ACQ_1 {0.11 0.01 6.22 0.71 1 7.08383488655 engnx03a.utdallas.edu 1732986065.8 1732986072.89 1 0.0857131481171 6.99490714073 0.00234913825989 0.00673794746399 0.000910997390747 6.86947011948 0.0 0.0 0.0 0.0 0.0 0.0 0.0 0.0}
replayTaskStats XOR2 delay__A__hl__OUT__lh__ACQ_1 {0.05 0.01 5.83 0.64 1 6.46983194351 engnx03a.utdallas.edu 1732986072.89 1732986079.36 1 0.0350799560547 6.43224000931 0.00232601165771 0.00572299957275 0.000694036483765 6.40725207329 0.0 0.0 0.0 0.0 0.0 0.0 0.0 0.0}
replayTaskStats XOR2 delay__A__lh__OUT__hl__ACQ_1 {0.05 0.01 6.01 0.65 1 6.67500805855 engnx03a.utdallas.edu 1732986079.36 1732986086.03 1 0.0350170135498 6.63731408119 0.0018949508667 0.00567388534546 0.000690937042236 6.61242890358 0.0 0.0 0.0 0.0 0.0 0.0 0.0 0.0}
replayTaskStats XOR2 delay__A__lh__OUT__lh__ACQ_1 {0.06 0.01 6.02 0.68 1 6.69291687012 engnx03a.utdallas.edu 1732986086.03 1732986092.73 1 0.0371041297913 6.65329098701 0.00179195404053 0.00550889968872 0.000627040863037 6.62891483307 0.0 0.0 0.0 0.0 0.0 0.0 0.0 0.0}
replayTaskStats XOR2 delay__B__hl__OUT__hl__ACQ_1 {0.07 0.01 5.91 0.65 1 6.60449504852 engnx03a.utdallas.edu 1732986092.73 1732986099.33 1 0.0564858913422 6.54551482201 0.00441813468933 0.00919818878174 0.00065803527832 6.51480102539 0.0 0.0 0.0 0.0 0.0 0.0 0.0 0.0}
replayTaskStats XOR2 delay__B__hl__OUT__lh__ACQ_1 {0.05 0.01 6.03 0.7 1 6.72626018524 engnx03a.utdallas.edu 1732986099.33 1732986106.06 1 0.0342469215393 6.68947291374 0.00209188461304 0.0060019493103 0.000663042068481 6.66538000107 0.0 0.0 0.0 0.0 0.0 0.0 0.0 0.0}
replayTaskStats XOR2 delay__B__lh__OUT__hl__ACQ_1 {0.05 0.0 5.96 0.67 1 6.64271092415 engnx03a.utdallas.edu 1732986106.06 1732986112.7 1 0.035737991333 6.60448002815 0.00199198722839 0.0054919719696 0.000608205795288 6.58107495308 0.0 0.0 0.0 0.0 0.0 0.0 0.0 0.0}
replayTaskStats XOR2 delay__B__lh__OUT__lh__ACQ_1 {0.05 0.01 5.98 0.66 1 6.66752696037 engnx03a.utdallas.edu 1732986112.7 1732986119.37 1 0.0341069698334 6.6307580471 0.00210285186768 0.0189170837402 0.000619888305664 6.59370493889 0.0 0.0 0.0 0.0 0.0 0.0 0.0 0.0}
replayTaskStats XOR2 leakage_power__ACQ_1 {0.38 0.06 62.83 6.61 1 69.3452019691 engnx03a.utdallas.edu 1732986119.37 1732986188.72 1 0.0255389213562 7.50826907158 0.00202488899231 0.00487112998962 0.00153398513794 68.8905539513 0.0 0.0 0.0 0.0 0.0 0.0 0.0 0.0}
replayTaskStats XOR2 leakage_power__ACQ_1 {0.38 0.06 62.83 6.61 1 69.3457100391 engnx03a.utdallas.edu 1732986119.37 1732986188.72 1 0.0255389213562 7.50826907158 0.00202488899231 0.00487112998962 0.00153398513794 68.8905539513 0.0 0.0 0.0 0.0 0.0 0.0 0.0 0.0}
replayTaskStats XOR2 leakage_power__ACQ_1 {0.38 0.06 62.83 6.61 1 69.3461909294 engnx03a.utdallas.edu 1732986119.37 1732986188.72 1 0.0255389213562 7.50826907158 0.00202488899231 0.00487112998962 0.00153398513794 68.8905539513 0.0 0.0 0.0 0.0 0.0 0.0 0.0 0.0}
replayTaskStats XOR2 leakage_power__ACQ_1 {0.38 0.06 62.83 6.61 1 69.3466770649 engnx03a.utdallas.edu 1732986119.37 1732986188.72 1 0.0255389213562 7.50826907158 0.00202488899231 0.00487112998962 0.00153398513794 68.8905539513 0.0 0.0 0.0 0.0 0.0 0.0 0.0 0.0}
replayTaskStats XOR2 leakage_power__ACQ_1 {0.38 0.06 62.83 6.61 1 69.347151041 engnx03a.utdallas.edu 1732986119.37 1732986188.72 1 0.0255389213562 7.50826907158 0.00202488899231 0.00487112998962 0.00153398513794 68.8905539513 0.0 0.0 0.0 0.0 0.0 0.0 0.0 0.0}
replayTaskStats XOR2 leakage_power__ACQ_1 {0.38 0.06 62.83 6.61 1 69.3476450443 engnx03a.utdallas.edu 1732986119.37 1732986188.72 1 0.0255389213562 7.50826907158 0.00202488899231 0.00487112998962 0.00153398513794 68.8905539513 0.0 0.0 0.0 0.0 0.0 0.0 0.0 0.0}
replayTaskStats XOR2 leakage_power__ACQ_1 {0.38 0.06 62.83 6.61 1 69.3481299877 engnx03a.utdallas.edu 1732986119.37 1732986188.72 1 0.0255389213562 7.50826907158 0.00202488899231 0.00487112998962 0.00153398513794 68.8905539513 0.0 0.0 0.0 0.0 0.0 0.0 0.0 0.0}
replayTaskStats XOR2 leakage_power__ACQ_1 {0.38 0.06 62.83 6.61 1 69.3486309052 engnx03a.utdallas.edu 1732986119.37 1732986188.72 1 0.0255389213562 7.50826907158 0.00202488899231 0.00487112998962 0.00153398513794 68.8905539513 0.0 0.0 0.0 0.0 0.0 0.0 0.0 0.0}
replayTaskStats XOR2 leakage_power__ACQ_1 {0.38 0.06 62.83 6.61 1 69.3491108418 engnx03a.utdallas.edu 1732986119.37 1732986188.72 1 0.0255389213562 7.50826907158 0.00202488899231 0.00487112998962 0.00153398513794 68.8905539513 0.0 0.0 0.0 0.0 0.0 0.0 0.0 0.0}
replayTaskStats XOR2 leakage_power__ACQ_1 {0.38 0.06 62.83 6.61 1 69.3495759964 engnx03a.utdallas.edu 1732986119.37 1732986188.72 1 0.0255389213562 7.50826907158 0.00202488899231 0.00487112998962 0.00153398513794 68.8905539513 0.0 0.0 0.0 0.0 0.0 0.0 0.0 0.0}
replayTaskStats XOR2 Cin__VSS__hl__ACQ_1 {0.05 0.01 6.18 0.67 1 6.84167599678 engnx03a.utdallas.edu 1732986188.72 1732986195.56 1 0.0307040214539 6.8083319664 0.00201606750488 0.0039439201355 0.000625133514404 6.79081296921 0.0 0.0 0.0 0.0 0.0 0.0 0.0 0.0}
replayTaskStats XOR2 Cin__VSS__lh__ACQ_1 {0.04 0.0 5.87 0.69 1 6.55121397972 engnx03a.utdallas.edu 1732986195.56 1732986202.12 1 0.028923034668 6.51980614662 0.00230598449707 0.00402212142944 0.000627040863037 6.50123810768 0.0 0.0 0.0 0.0 0.0 0.0 0.0 0.0}
replayTaskStats XOR2 Cin__VDD__hl__ACQ_1 {0.04 0.01 5.93 0.68 1 6.62054896355 engnx03a.utdallas.edu 1732986202.12 1732986208.74 1 0.0276379585266 6.59012293816 0.00235199928284 0.00499701499939 0.000752925872803 6.57013392448 0.0 0.0 0.0 0.0 0.0 0.0 0.0 0.0}
replayTaskStats XOR2 Cin__VDD__lh__ACQ_1 {0.04 0.01 5.93 0.69 1 6.61879205704 engnx03a.utdallas.edu 1732986208.74 1732986215.36 1 0.0315880775452 6.58461308479 0.00194907188416 0.00423812866211 0.000642061233521 6.5665230751 0.0 0.0 0.0 0.0 0.0 0.0 0.0 0.0}
replayTaskStats XOR2 modeling {0.2 0.01 0.0 0.0 1 0.248154878616 engnx03a.utdallas.edu 1732986630.27 1732986630.52 1}
replayTaskStats XOR2 configure {0.16 0.02 0.0 0.0 1 0.206586122513 engnx01a.utdallas.edu 1733170475.23 1733170475.44 1}
replayTaskStats XOR2 delay__A__hl__OUT__hl__ACQ_1 {0.12 0.02 6.28 0.74 1 7.19280910492 engnx01a.utdallas.edu 1733170484.34 1733170491.53 1 0.0861368179321 7.1033308506 0.00212287902832 0.00888419151306 0.000953912734985 6.96572208405 0.0 0.0 0.0 0.0 0.0 0.0 0.0 0.0}
replayTaskStats XOR2 delay__A__hl__OUT__lh__ACQ_1 {0.05 0.0 6.09 0.66 1 6.75153708458 engnx01a.utdallas.edu 1733170491.53 1733170498.29 1 0.0363931655884 6.71263408661 0.00208687782288 0.00656008720398 0.000694990158081 6.68658399582 0.0 0.0 0.0 0.0 0.0 0.0 0.0 0.0}
replayTaskStats XOR2 delay__A__lh__OUT__hl__ACQ_1 {0.06 0.01 6.23 0.69 1 6.93003797531 engnx01a.utdallas.edu 1733170498.29 1733170505.22 1 0.0361478328705 6.89137887955 0.00196480751038 0.00655293464661 0.000710010528564 6.86512184143 0.0 0.0 0.0 0.0 0.0 0.0 0.0 0.0}
replayTaskStats XOR2 delay__A__lh__OUT__lh__ACQ_1 {0.06 0.0 6.28 0.68 1 6.97115802765 engnx01a.utdallas.edu 1733170505.22 1733170512.19 1 0.034943819046 6.93367886543 0.00187397003174 0.00674200057983 0.000694990158081 6.90802383423 0.0 0.0 0.0 0.0 0.0 0.0 0.0 0.0}
replayTaskStats XOR2 delay__B__hl__OUT__hl__ACQ_1 {0.07 0.03 6.14 0.65 1 6.83718800545 engnx01a.utdallas.edu 1733170512.19 1733170519.03 1 0.0724771022797 6.76204204559 0.00197887420654 0.006511926651 0.000679016113281 6.73526501656 0.0 0.0 0.0 0.0 0.0 0.0 0.0 0.0}
replayTaskStats XOR2 delay__B__hl__OUT__lh__ACQ_1 {0.05 0.0 6.08 0.64 1 6.742664814 engnx01a.utdallas.edu 1733170519.03 1733170525.77 1 0.0350069999695 6.70508384705 0.00190401077271 0.00717306137085 0.000669002532959 6.67940807343 0.0 0.0 0.0 0.0 0.0 0.0 0.0 0.0}
replayTaskStats XOR2 delay__B__lh__OUT__hl__ACQ_1 {0.06 0.01 6.06 0.64 1 6.70310497284 engnx01a.utdallas.edu 1733170525.77 1733170532.47 1 0.0361499786377 6.66426706314 0.00214791297913 0.00662302970886 0.000660181045532 6.63907599449 0.0 0.0 0.0 0.0 0.0 0.0 0.0 0.0}
replayTaskStats XOR2 delay__B__lh__OUT__lh__ACQ_1 {0.05 0.0 6.18 0.67 1 6.85297393799 engnx01a.utdallas.edu 1733170532.47 1733170539.33 1 0.0337009429932 6.81678986549 0.00184011459351 0.0065450668335 0.000665903091431 6.79177594185 0.0 0.0 0.0 0.0 0.0 0.0 0.0 0.0}
replayTaskStats XOR2 leakage_power__ACQ_1 {0.38 0.07 63.83 6.63 1 70.3978970051 engnx01a.utdallas.edu 1733170539.33 1733170609.73 1 0.0266349315643 7.61169314384 0.00191783905029 0.00490999221802 0.00182199478149 69.9382812977 0.0 0.0 0.0 0.0 0.0 0.0 0.0 0.0}
replayTaskStats XOR2 leakage_power__ACQ_1 {0.38 0.07 63.83 6.63 1 70.3983838558 engnx01a.utdallas.edu 1733170539.33 1733170609.73 1 0.0266349315643 7.61169314384 0.00191783905029 0.00490999221802 0.00182199478149 69.9382812977 0.0 0.0 0.0 0.0 0.0 0.0 0.0 0.0}
replayTaskStats XOR2 leakage_power__ACQ_1 {0.38 0.07 63.83 6.63 1 70.3988668919 engnx01a.utdallas.edu 1733170539.33 1733170609.73 1 0.0266349315643 7.61169314384 0.00191783905029 0.00490999221802 0.00182199478149 69.9382812977 0.0 0.0 0.0 0.0 0.0 0.0 0.0 0.0}
replayTaskStats XOR2 leakage_power__ACQ_1 {0.38 0.07 63.83 6.63 1 70.3993499279 engnx01a.utdallas.edu 1733170539.33 1733170609.73 1 0.0266349315643 7.61169314384 0.00191783905029 0.00490999221802 0.00182199478149 69.9382812977 0.0 0.0 0.0 0.0 0.0 0.0 0.0 0.0}
replayTaskStats XOR2 leakage_power__ACQ_1 {0.38 0.07 63.83 6.63 1 70.3998329639 engnx01a.utdallas.edu 1733170539.33 1733170609.73 1 0.0266349315643 7.61169314384 0.00191783905029 0.00490999221802 0.00182199478149 69.9382812977 0.0 0.0 0.0 0.0 0.0 0.0 0.0 0.0}
replayTaskStats XOR2 leakage_power__ACQ_1 {0.38 0.07 63.83 6.63 1 70.4003100395 engnx01a.utdallas.edu 1733170539.33 1733170609.73 1 0.0266349315643 7.61169314384 0.00191783905029 0.00490999221802 0.00182199478149 69.9382812977 0.0 0.0 0.0 0.0 0.0 0.0 0.0 0.0}
replayTaskStats XOR2 leakage_power__ACQ_1 {0.38 0.07 63.83 6.63 1 70.4007978439 engnx01a.utdallas.edu 1733170539.33 1733170609.73 1 0.0266349315643 7.61169314384 0.00191783905029 0.00490999221802 0.00182199478149 69.9382812977 0.0 0.0 0.0 0.0 0.0 0.0 0.0 0.0}
replayTaskStats XOR2 leakage_power__ACQ_1 {0.38 0.07 63.83 6.63 1 70.4012680054 engnx01a.utdallas.edu 1733170539.33 1733170609.73 1 0.0266349315643 7.61169314384 0.00191783905029 0.00490999221802 0.00182199478149 69.9382812977 0.0 0.0 0.0 0.0 0.0 0.0 0.0 0.0}
replayTaskStats XOR2 leakage_power__ACQ_1 {0.38 0.07 63.83 6.63 1 70.4017398357 engnx01a.utdallas.edu 1733170539.33 1733170609.73 1 0.0266349315643 7.61169314384 0.00191783905029 0.00490999221802 0.00182199478149 69.9382812977 0.0 0.0 0.0 0.0 0.0 0.0 0.0 0.0}
replayTaskStats XOR2 leakage_power__ACQ_1 {0.38 0.07 63.83 6.63 1 70.4022068977 engnx01a.utdallas.edu 1733170539.33 1733170609.73 1 0.0266349315643 7.61169314384 0.00191783905029 0.00490999221802 0.00182199478149 69.9382812977 0.0 0.0 0.0 0.0 0.0 0.0 0.0 0.0}
replayTaskStats XOR2 Cin__VSS__hl__ACQ_1 {0.05 0.01 5.84 0.65 1 6.4905090332 engnx01a.utdallas.edu 1733170609.73 1733170616.22 1 0.0322229862213 6.45559406281 0.00195384025574 0.00777888298035 0.000663995742798 6.43379616737 0.0 0.0 0.0 0.0 0.0 0.0 0.0 0.0}
replayTaskStats XOR2 Cin__VSS__lh__ACQ_1 {0.04 0.0 5.94 0.65 1 6.5984389782 engnx01a.utdallas.edu 1733170616.22 1733170622.82 1 0.0288000106812 6.56658697128 0.00201892852783 0.00521302223206 0.000770092010498 6.54630589485 0.0 0.0 0.0 0.0 0.0 0.0 0.0 0.0}
replayTaskStats XOR2 Cin__VDD__hl__ACQ_1 {0.05 0.01 5.83 0.63 1 6.45931982994 engnx01a.utdallas.edu 1733170622.82 1733170629.28 1 0.0320389270782 6.42466711998 0.00184392929077 0.00509309768677 0.000684022903442 6.40554881096 0.0 0.0 0.0 0.0 0.0 0.0 0.0 0.0}
replayTaskStats XOR2 Cin__VDD__lh__ACQ_1 {0.05 0.0 5.9 0.63 1 6.52923083305 engnx01a.utdallas.edu 1733170629.28 1733170635.81 1 0.0288960933685 6.49773406982 0.00186419487 0.00489687919617 0.00068211555481 6.47875213623 0.0 0.0 0.0 0.0 0.0 0.0 0.0 0.0}
replayTaskStats XOR2 modeling {0.22 0.01 0.0 0.0 1 0.241828918457 engnx01a.utdallas.edu 1733170691.27 1733170691.51 1}
