replayTaskStats NOR3 configure {0.12 0.01 0.0 0.0 1 0.161597013474 engnx03a.utdallas.edu 1732984491.38 1732984491.54 1}
replayTaskStats NOR3 delay__B__lh__OUT__hl__ACQ_1 {0.12 0.01 6.09 0.76 1 6.99675488472 engnx03a.utdallas.edu 1732984498.52 1732984505.52 1 0.0827631950378 6.91076898575 0.00239014625549 0.00603604316711 0.000866889953613 6.78280496597 0.0 0.0 0.0 0.0 0.0 0.0 0.0 0.0}
replayTaskStats NOR3 delay__B__hl__OUT__lh__ACQ_1 {0.05 0.0 6.03 0.65 1 6.68221712112 engnx03a.utdallas.edu 1732984505.52 1732984512.2 1 0.0364718437195 6.64320993423 0.00196599960327 0.00558495521545 0.000656843185425 6.61942791939 0.0 0.0 0.0 0.0 0.0 0.0 0.0 0.0}
replayTaskStats NOR3 delay__C__lh__OUT__hl__ACQ_1 {0.06 0.01 6.02 0.7 1 6.72049498558 engnx03a.utdallas.edu 1732984512.21 1732984518.93 1 0.0365090370178 6.68150687218 0.00204491615295 0.00630211830139 0.000672817230225 6.65683507919 0.0 0.0 0.0 0.0 0.0 0.0 0.0 0.0}
replayTaskStats NOR3 delay__C__hl__OUT__lh__ACQ_1 {0.07 0.01 5.96 0.64 1 6.62812900543 engnx03a.utdallas.edu 1732984518.93 1732984525.55 1 0.0518670082092 6.57373905182 0.00207686424255 0.00653505325317 0.000692129135132 6.54741096497 0.0 0.0 0.0 0.0 0.0 0.0 0.0 0.0}
replayTaskStats NOR3 delay__A__lh__OUT__hl__ACQ_1 {0.06 0.02 5.82 0.69 1 6.53613209724 engnx03a.utdallas.edu 1732984525.56 1732984532.09 1 0.0503568649292 6.48317980766 0.00235795974731 0.0058810710907 0.000734090805054 6.45707893372 0.0 0.0 0.0 0.0 0.0 0.0 0.0 0.0}
replayTaskStats NOR3 delay__A__hl__OUT__lh__ACQ_1 {0.06 0.0 5.81 0.7 1 6.52168488503 engnx03a.utdallas.edu 1732984532.09 1732984538.61 1 0.038880109787 6.47951483727 0.00296401977539 0.0071439743042 0.000885963439941 6.44991397858 0.0 0.0 0.0 0.0 0.0 0.0 0.0 0.0}
replayTaskStats NOR3 leakage_power__ACQ_1 {0.41 0.09 62.88 6.75 1 69.6013250351 engnx03a.utdallas.edu 1732984538.61 1732984608.22 1 0.0297801494598 7.72226715088 0.0019519329071 0.00533294677734 0.00181603431702 69.094991684 0.0 0.0 0.0 0.0 0.0 0.0 0.0 0.0}
replayTaskStats NOR3 leakage_power__ACQ_1 {0.41 0.09 62.88 6.75 1 69.6018061638 engnx03a.utdallas.edu 1732984538.61 1732984608.22 1 0.0297801494598 7.72226715088 0.0019519329071 0.00533294677734 0.00181603431702 69.094991684 0.0 0.0 0.0 0.0 0.0 0.0 0.0 0.0}
replayTaskStats NOR3 leakage_power__ACQ_1 {0.41 0.09 62.88 6.75 1 69.6022789478 engnx03a.utdallas.edu 1732984538.61 1732984608.22 1 0.0297801494598 7.72226715088 0.0019519329071 0.00533294677734 0.00181603431702 69.094991684 0.0 0.0 0.0 0.0 0.0 0.0 0.0 0.0}
replayTaskStats NOR3 leakage_power__ACQ_1 {0.41 0.09 62.88 6.75 1 69.6027700901 engnx03a.utdallas.edu 1732984538.61 1732984608.22 1 0.0297801494598 7.72226715088 0.0019519329071 0.00533294677734 0.00181603431702 69.094991684 0.0 0.0 0.0 0.0 0.0 0.0 0.0 0.0}
replayTaskStats NOR3 leakage_power__ACQ_1 {0.41 0.09 62.88 6.75 1 69.603249073 engnx03a.utdallas.edu 1732984538.61 1732984608.22 1 0.0297801494598 7.72226715088 0.0019519329071 0.00533294677734 0.00181603431702 69.094991684 0.0 0.0 0.0 0.0 0.0 0.0 0.0 0.0}
replayTaskStats NOR3 leakage_power__ACQ_1 {0.41 0.09 62.88 6.75 1 69.6037139893 engnx03a.utdallas.edu 1732984538.61 1732984608.22 1 0.0297801494598 7.72226715088 0.0019519329071 0.00533294677734 0.00181603431702 69.094991684 0.0 0.0 0.0 0.0 0.0 0.0 0.0 0.0}
replayTaskStats NOR3 leakage_power__ACQ_1 {0.41 0.09 62.88 6.75 1 69.6041800976 engnx03a.utdallas.edu 1732984538.61 1732984608.22 1 0.0297801494598 7.72226715088 0.0019519329071 0.00533294677734 0.00181603431702 69.094991684 0.0 0.0 0.0 0.0 0.0 0.0 0.0 0.0}
replayTaskStats NOR3 leakage_power__ACQ_1 {0.41 0.09 62.88 6.75 1 69.6046409607 engnx03a.utdallas.edu 1732984538.61 1732984608.22 1 0.0297801494598 7.72226715088 0.0019519329071 0.00533294677734 0.00181603431702 69.094991684 0.0 0.0 0.0 0.0 0.0 0.0 0.0 0.0}
replayTaskStats NOR3 leakage_power__ACQ_1 {0.41 0.09 62.88 6.75 1 69.6050970554 engnx03a.utdallas.edu 1732984538.61 1732984608.22 1 0.0297801494598 7.72226715088 0.0019519329071 0.00533294677734 0.00181603431702 69.094991684 0.0 0.0 0.0 0.0 0.0 0.0 0.0 0.0}
replayTaskStats NOR3 leakage_power__ACQ_1 {0.42 0.09 62.88 6.75 1 69.6055510044 engnx03a.utdallas.edu 1732984538.61 1732984608.22 1 0.0297801494598 7.72226715088 0.0019519329071 0.00533294677734 0.00181603431702 69.094991684 0.0 0.0 0.0 0.0 0.0 0.0 0.0 0.0}
replayTaskStats NOR3 Cin__VSS__lh__ACQ_1 {0.05 0.0 5.78 0.69 1 6.47511911392 engnx03a.utdallas.edu 1732984608.22 1732984614.7 1 0.0340809822083 6.4383430481 0.00221395492554 0.00431394577026 0.000771999359131 6.4182240963 0.0 0.0 0.0 0.0 0.0 0.0 0.0 0.0}
replayTaskStats NOR3 Cin__VSS__hl__ACQ_1 {0.04 0.01 5.9 0.7 1 6.60449099541 engnx03a.utdallas.edu 1732984614.7 1732984621.3 1 0.0348570346832 6.5661110878 0.00195384025574 0.00430393218994 0.000627994537354 6.54800581932 0.0 0.0 0.0 0.0 0.0 0.0 0.0 0.0}
replayTaskStats NOR3 Cin__VDD__lh__ACQ_1 {0.05 0.01 5.98 0.7 1 6.68049097061 engnx03a.utdallas.edu 1732984621.3 1732984627.98 1 0.0319259166718 6.64592003822 0.00190091133118 0.00416207313538 0.000667095184326 6.62825894356 0.0 0.0 0.0 0.0 0.0 0.0 0.0 0.0}
replayTaskStats NOR3 Cin__VDD__hl__ACQ_1 {0.04 0.0 5.91 0.67 1 6.57239699364 engnx03a.utdallas.edu 1732984627.98 1732984634.56 1 0.0303840637207 6.53959798813 0.00207686424255 0.00414490699768 0.000623941421509 6.52194309235 0.0 0.0 0.0 0.0 0.0 0.0 0.0 0.0}
replayTaskStats NOR3 modeling {0.18 0.0 0.0 0.0 1 0.201267957687 engnx03a.utdallas.edu 1732984658.15 1732984658.35 1}
replayTaskStats NOR3 configure {0.13 0.01 0.0 0.0 1 0.172114849091 engnx01a.utdallas.edu 1733169784.6 1733169784.77 1}
replayTaskStats NOR3 delay__B__lh__OUT__hl__ACQ_1 {0.12 0.03 6.1 0.73 1 7.03277182579 engnx01a.utdallas.edu 1733169793.25 1733169800.28 1 0.0918080806732 6.93771696091 0.00196290016174 0.00759601593018 0.000901222229004 6.81491088867 0.0 0.0 0.0 0.0 0.0 0.0 0.0 0.0}
replayTaskStats NOR3 delay__B__hl__OUT__lh__ACQ_1 {0.05 0.0 6.06 0.66 1 6.72946500778 engnx01a.utdallas.edu 1733169800.28 1733169807.01 1 0.0373380184174 6.68967199326 0.00172686576843 0.00639796257019 0.000638008117676 6.66482901573 0.0 0.0 0.0 0.0 0.0 0.0 0.0 0.0}
replayTaskStats NOR3 delay__C__lh__OUT__hl__ACQ_1 {0.06 0.01 5.94 0.64 1 6.58000993729 engnx01a.utdallas.edu 1733169807.01 1733169813.59 1 0.0361790657043 6.54137420654 0.00190496444702 0.00637793540955 0.000645875930786 6.51682090759 0.0 0.0 0.0 0.0 0.0 0.0 0.0 0.0}
replayTaskStats NOR3 delay__C__hl__OUT__lh__ACQ_1 {0.08 0.0 5.91 0.65 1 6.59463405609 engnx01a.utdallas.edu 1733169813.59 1733169820.19 1 0.0577709674835 6.53425216675 0.00186085700989 0.00665307044983 0.00068187713623 6.5080640316 0.0 0.0 0.0 0.0 0.0 0.0 0.0 0.0}
replayTaskStats NOR3 delay__A__lh__OUT__hl__ACQ_1 {0.05 0.01 5.91 0.65 1 6.57247805595 engnx01a.utdallas.edu 1733169820.19 1733169826.76 1 0.0368258953094 6.53314781189 0.00190091133118 0.00636887550354 0.000638961791992 6.5085811615 0.0 0.0 0.0 0.0 0.0 0.0 0.0 0.0}
replayTaskStats NOR3 delay__A__hl__OUT__lh__ACQ_1 {0.06 0.0 6.1 0.61 1 6.7304649353 engnx01a.utdallas.edu 1733169826.76 1733169833.49 1 0.0372290611267 6.69075107574 0.00196099281311 0.00665903091431 0.000640869140625 6.66579389572 0.0 0.0 0.0 0.0 0.0 0.0 0.0 0.0}
replayTaskStats NOR3 leakage_power__ACQ_1 {0.42 0.05 63.64 6.64 1 70.2279748917 engnx01a.utdallas.edu 1733169833.49 1733169903.72 1 0.030375957489 7.54858994484 0.00216317176819 0.00515389442444 0.00170016288757 69.7414290905 0.0 0.0 0.0 0.0 0.0 0.0 0.0 0.0}
replayTaskStats NOR3 leakage_power__ACQ_1 {0.42 0.05 63.64 6.64 1 70.2284488678 engnx01a.utdallas.edu 1733169833.49 1733169903.72 1 0.030375957489 7.54858994484 0.00216317176819 0.00515389442444 0.00170016288757 69.7414290905 0.0 0.0 0.0 0.0 0.0 0.0 0.0 0.0}
replayTaskStats NOR3 leakage_power__ACQ_1 {0.42 0.05 63.64 6.64 1 70.228924036 engnx01a.utdallas.edu 1733169833.49 1733169903.72 1 0.030375957489 7.54858994484 0.00216317176819 0.00515389442444 0.00170016288757 69.7414290905 0.0 0.0 0.0 0.0 0.0 0.0 0.0 0.0}
replayTaskStats NOR3 leakage_power__ACQ_1 {0.42 0.05 63.64 6.64 1 70.2293870449 engnx01a.utdallas.edu 1733169833.49 1733169903.72 1 0.030375957489 7.54858994484 0.00216317176819 0.00515389442444 0.00170016288757 69.7414290905 0.0 0.0 0.0 0.0 0.0 0.0 0.0 0.0}
replayTaskStats NOR3 leakage_power__ACQ_1 {0.42 0.05 63.64 6.64 1 70.2298500538 engnx01a.utdallas.edu 1733169833.49 1733169903.72 1 0.030375957489 7.54858994484 0.00216317176819 0.00515389442444 0.00170016288757 69.7414290905 0.0 0.0 0.0 0.0 0.0 0.0 0.0 0.0}
replayTaskStats NOR3 leakage_power__ACQ_1 {0.42 0.05 63.64 6.64 1 70.2303159237 engnx01a.utdallas.edu 1733169833.49 1733169903.72 1 0.030375957489 7.54858994484 0.00216317176819 0.00515389442444 0.00170016288757 69.7414290905 0.0 0.0 0.0 0.0 0.0 0.0 0.0 0.0}
replayTaskStats NOR3 leakage_power__ACQ_1 {0.42 0.05 63.64 6.64 1 70.2307710648 engnx01a.utdallas.edu 1733169833.49 1733169903.72 1 0.030375957489 7.54858994484 0.00216317176819 0.00515389442444 0.00170016288757 69.7414290905 0.0 0.0 0.0 0.0 0.0 0.0 0.0 0.0}
replayTaskStats NOR3 leakage_power__ACQ_1 {0.42 0.05 63.64 6.64 1 70.2312340736 engnx01a.utdallas.edu 1733169833.49 1733169903.72 1 0.030375957489 7.54858994484 0.00216317176819 0.00515389442444 0.00170016288757 69.7414290905 0.0 0.0 0.0 0.0 0.0 0.0 0.0 0.0}
replayTaskStats NOR3 leakage_power__ACQ_1 {0.42 0.05 63.64 6.64 1 70.2317049503 engnx01a.utdallas.edu 1733169833.49 1733169903.72 1 0.030375957489 7.54858994484 0.00216317176819 0.00515389442444 0.00170016288757 69.7414290905 0.0 0.0 0.0 0.0 0.0 0.0 0.0 0.0}
replayTaskStats NOR3 leakage_power__ACQ_1 {0.42 0.05 63.64 6.64 1 70.2321829796 engnx01a.utdallas.edu 1733169833.49 1733169903.72 1 0.030375957489 7.54858994484 0.00216317176819 0.00515389442444 0.00170016288757 69.7414290905 0.0 0.0 0.0 0.0 0.0 0.0 0.0 0.0}
replayTaskStats NOR3 Cin__VSS__lh__ACQ_1 {0.05 0.0 6.1 0.62 1 6.72957587242 engnx01a.utdallas.edu 1733169903.72 1733169910.45 1 0.0359358787537 6.69092392921 0.00187492370605 0.00523996353149 0.000638961791992 6.67197084427 0.0 0.0 0.0 0.0 0.0 0.0 0.0 0.0}
replayTaskStats NOR3 Cin__VSS__hl__ACQ_1 {0.04 0.01 5.76 0.62 1 6.3920841217 engnx01a.utdallas.edu 1733169910.45 1733169916.85 1 0.0316519737244 6.35795998573 0.00197410583496 0.00507616996765 0.000633955001831 6.33873105049 0.0 0.0 0.0 0.0 0.0 0.0 0.0 0.0}
replayTaskStats NOR3 Cin__VDD__lh__ACQ_1 {0.05 0.01 5.97 0.65 1 6.62113285065 engnx01a.utdallas.edu 1733169916.85 1733169923.47 1 0.0306730270386 6.58799600601 0.00193500518799 0.00503206253052 0.000635147094727 6.5696079731 0.0 0.0 0.0 0.0 0.0 0.0 0.0 0.0}
replayTaskStats NOR3 Cin__VDD__hl__ACQ_1 {0.04 0.0 5.92 0.68 1 6.58857297897 engnx01a.utdallas.edu 1733169923.47 1733169930.06 1 0.0318610668182 6.55423688889 0.00194215774536 0.00468707084656 0.000625133514404 6.53576207161 0.0 0.0 0.0 0.0 0.0 0.0 0.0 0.0}
replayTaskStats NOR3 modeling {0.19 0.01 0.0 0.0 1 0.225788116455 engnx01a.utdallas.edu 1733169972.47 1733169972.7 1}
