replayTaskStats Flip_Flop configure {0.28 0.03 0.02 0.03 1 0.43833398819 engnx03a.utdallas.edu 1732981793.4 1732981793.84 1}
replayTaskStats Flip_Flop initialization__ACQ_7 {0.11 0.01 6.19 0.73 1 7.06023192406 engnx03a.utdallas.edu 1732981803.59 1732981810.65 1 0.078959941864 6.97753214836 0.00411796569824 0.00467300415039 0.00177788734436 6.85915207863 0.0 0.0 0.0 0.0 0.0 0.0 0.0 0.0}
replayTaskStats Flip_Flop initialization__ACQ_6 {0.04 0.01 5.88 0.62 1 6.49563288689 engnx03a.utdallas.edu 1732981810.65 1732981817.14 1 0.0277230739594 6.46545791626 0.00411319732666 0.00419497489929 0.00157690048218 6.44371604919 0.0 0.0 0.0 0.0 0.0 0.0 0.0 0.0}
replayTaskStats Flip_Flop initialization__ACQ_4 {0.03 0.0 6.02 0.67 1 6.67922878265 engnx03a.utdallas.edu 1732981817.15 1732981823.82 1 0.0267200469971 6.64997410774 0.00381517410278 0.00396990776062 0.0015230178833 6.6294438839 0.0 0.0 0.0 0.0 0.0 0.0 0.0 0.0}
replayTaskStats Flip_Flop initialization__ACQ_5 {0.05 0.01 5.96 0.63 1 6.60871291161 engnx03a.utdallas.edu 1732981823.83 1732981830.43 1 0.0462939739227 6.55991792679 0.00429010391235 0.00438499450684 0.00159502029419 6.53718209267 0.0 0.0 0.0 0.0 0.0 0.0 0.0 0.0}
replayTaskStats Flip_Flop removal_hbm__R__hl__CLK__hl__ACQ_1 {0.06 0.02 9.7 0.73 1 10.4432251453 engnx03a.utdallas.edu 1732981830.43 1732981840.88 1 0.0397930145264 10.4005508423 0.00367093086243 0.00516700744629 0.00604200363159 10.3691408634 0.0 0.0 0.0 0.0 0.0 0.0 0.0 0.0}
replayTaskStats Flip_Flop recover_hbm__R__hl__CLK__hl__ACQ_1 {0.06 0.01 10.1 0.79 1 10.9250907898 engnx03a.utdallas.edu 1732981840.88 1732981851.8 1 0.0460209846497 10.8762369156 0.00216007232666 0.00464105606079 0.00170421600342 10.8514389992 0.0 0.0 0.0 0.0 0.0 0.0 0.0 0.0}
replayTaskStats Flip_Flop initialization__ACQ_1 {0.04 0.01 5.76 0.67 1 6.41816282272 engnx03a.utdallas.edu 1732981851.8 1732981858.22 1 0.0259318351746 6.38977694511 0.00383687019348 0.00426602363586 0.00149393081665 6.36944484711 0.0 0.0 0.0 0.0 0.0 0.0 0.0 0.0}
replayTaskStats Flip_Flop initialization__ACQ_2 {0.04 0.0 6.0 0.72 1 6.72920608521 engnx03a.utdallas.edu 1732981858.22 1732981864.95 1 0.0284779071808 6.69827508926 0.00395393371582 0.00428605079651 0.00145602226257 6.67775797844 0.0 0.0 0.0 0.0 0.0 0.0 0.0 0.0}
replayTaskStats Flip_Flop initialization__ACQ_3 {0.04 0.01 6.13 0.69 1 6.81812214851 engnx03a.utdallas.edu 1732981864.95 1732981871.77 1 0.0268931388855 6.78873205185 0.0039279460907 0.0047619342804 0.00146389007568 6.76739621162 0.0 0.0 0.0 0.0 0.0 0.0 0.0 0.0}
replayTaskStats Flip_Flop setup_hbm__D__lh__CLK__hl__ACQ_1 {0.07 0.0 10.34 0.81 1 11.1696798801 engnx03a.utdallas.edu 1732981871.77 1732981882.94 1 0.0402479171753 11.1268160343 0.00182890892029 0.00433301925659 0.00167107582092 11.1015739441 0.0 0.0 0.0 0.0 0.0 0.0 0.0 0.0}
replayTaskStats Flip_Flop setup_hbm__D__hl__CLK__hl__ACQ_1 {0.05 0.0 10.17 0.75 1 10.9407641888 engnx03a.utdallas.edu 1732981882.94 1732981893.88 1 0.0382440090179 10.9000899792 0.00193500518799 0.0120921134949 0.00166797637939 10.8674387932 0.0 0.0 0.0 0.0 0.0 0.0 0.0 0.0}
replayTaskStats Flip_Flop ncmpw_hbm__CLK__lh__CLK__hl__ACQ_1 {0.04 0.01 6.66 0.7 1 7.36612200737 engnx03a.utdallas.edu 1732981893.88 1732981901.25 1 0.0353450775146 7.32831501961 0.00206303596497 0.0042290687561 0.00134110450745 7.30598902702 0.0 0.0 0.0 0.0 0.0 0.0 0.0 0.0}
replayTaskStats Flip_Flop cmpw_hbm__CLK__hl__CLK__lh__ACQ_1 {0.05 0.01 6.47 0.66 1 7.14476418495 engnx03a.utdallas.edu 1732981901.25 1732981908.4 1 0.0461010932922 7.09619402885 0.00256299972534 0.00432109832764 0.00136208534241 7.0731959343 0.0 0.0 0.0 0.0 0.0 0.0 0.0 0.0}
replayTaskStats Flip_Flop hold_hbm__D__hl__CLK__hl__ACQ_1 {0.06 0.01 9.84 0.75 1 10.6054592133 engnx03a.utdallas.edu 1732981908.4 1732981919.0 1 0.0413749217987 10.5613510609 0.00199890136719 0.0045108795166 0.00168585777283 10.5370979309 0.0 0.0 0.0 0.0 0.0 0.0 0.0 0.0}
replayTaskStats Flip_Flop cmpw_hbm__R__lh__R__hl__ACQ_1 {0.05 0.0 6.31 0.67 1 6.9872379303 engnx03a.utdallas.edu 1732981919.0 1732981925.99 1 0.034059047699 6.95072317123 0.0019428730011 0.00404691696167 0.00128889083862 6.92878198624 0.0 0.0 0.0 0.0 0.0 0.0 0.0 0.0}
replayTaskStats Flip_Flop hold_hbm__D__lh__CLK__hl__ACQ_1 {0.06 0.01 10.09 0.75 1 10.855025053 engnx03a.utdallas.edu 1732981925.99 1732981936.85 1 0.0400738716125 10.8124089241 0.00202894210815 0.00465607643127 0.00181412696838 10.786342144 0.0 0.0 0.0 0.0 0.0 0.0 0.0 0.0}
replayTaskStats Flip_Flop delay__CLK__hl__Q__lh__ACQ_1 {0.06 0.0 6.68 0.7 1 7.37851405144 engnx03a.utdallas.edu 1732981936.85 1732981944.23 1 0.0389730930328 7.33665204048 0.00242710113525 0.00625896453857 0.000633001327515 7.31086802483 0.0 0.0 0.0 0.0 0.0 0.0 0.0 0.0}
replayTaskStats Flip_Flop delay__R__lh__Q__hl__ACQ_1 {0.06 0.01 6.68 0.69 1 7.39104700089 engnx03a.utdallas.edu 1732981944.23 1732981951.62 1 0.0395319461823 7.34883499146 0.00200700759888 0.00561094284058 0.000656843185425 7.32446694374 0.0 0.0 0.0 0.0 0.0 0.0 0.0 0.0}
replayTaskStats Flip_Flop delay__CLK__hl__Q__hl__ACQ_1 {0.05 0.0 6.66 0.68 1 7.33976697922 engnx03a.utdallas.edu 1732981951.62 1732981958.96 1 0.0367469787598 7.30057096481 0.00180792808533 0.00547099113464 0.000641107559204 7.27694797516 0.0 0.0 0.0 0.0 0.0 0.0 0.0 0.0}
replayTaskStats Flip_Flop leakage_power__ACQ_1 {0.47 0.06 63.6 6.75 1 70.3517889977 engnx03a.utdallas.edu 1732981958.96 1732982029.31 1 0.0275948047638 7.67282295227 0.00203919410706 0.00509119033813 0.00163316726685 69.8026301861 0.0 0.0 0.0 0.0 0.0 0.0 0.0 0.0}
replayTaskStats Flip_Flop leakage_power__ACQ_1 {0.47 0.06 63.6 6.75 1 70.3522679806 engnx03a.utdallas.edu 1732981958.96 1732982029.31 1 0.0275948047638 7.67282295227 0.00203919410706 0.00509119033813 0.00163316726685 69.8026301861 0.0 0.0 0.0 0.0 0.0 0.0 0.0 0.0}
replayTaskStats Flip_Flop leakage_power__ACQ_1 {0.47 0.06 63.6 6.75 1 70.3527469635 engnx03a.utdallas.edu 1732981958.96 1732982029.31 1 0.0275948047638 7.67282295227 0.00203919410706 0.00509119033813 0.00163316726685 69.8026301861 0.0 0.0 0.0 0.0 0.0 0.0 0.0 0.0}
replayTaskStats Flip_Flop leakage_power__ACQ_1 {0.47 0.06 63.6 6.75 1 70.3532171249 engnx03a.utdallas.edu 1732981958.96 1732982029.31 1 0.0275948047638 7.67282295227 0.00203919410706 0.00509119033813 0.00163316726685 69.8026301861 0.0 0.0 0.0 0.0 0.0 0.0 0.0 0.0}
replayTaskStats Flip_Flop leakage_power__ACQ_1 {0.47 0.06 63.6 6.75 1 70.3536779881 engnx03a.utdallas.edu 1732981958.96 1732982029.31 1 0.0275948047638 7.67282295227 0.00203919410706 0.00509119033813 0.00163316726685 69.8026301861 0.0 0.0 0.0 0.0 0.0 0.0 0.0 0.0}
replayTaskStats Flip_Flop leakage_power__ACQ_1 {0.48 0.06 63.6 6.75 1 70.3541469574 engnx03a.utdallas.edu 1732981958.96 1732982029.31 1 0.0275948047638 7.67282295227 0.00203919410706 0.00509119033813 0.00163316726685 69.8026301861 0.0 0.0 0.0 0.0 0.0 0.0 0.0 0.0}
replayTaskStats Flip_Flop leakage_power__ACQ_1 {0.48 0.06 63.6 6.75 1 70.3546171188 engnx03a.utdallas.edu 1732981958.96 1732982029.31 1 0.0275948047638 7.67282295227 0.00203919410706 0.00509119033813 0.00163316726685 69.8026301861 0.0 0.0 0.0 0.0 0.0 0.0 0.0 0.0}
replayTaskStats Flip_Flop leakage_power__ACQ_1 {0.48 0.06 63.6 6.75 1 70.3550829887 engnx03a.utdallas.edu 1732981958.96 1732982029.31 1 0.0275948047638 7.67282295227 0.00203919410706 0.00509119033813 0.00163316726685 69.8026301861 0.0 0.0 0.0 0.0 0.0 0.0 0.0 0.0}
replayTaskStats Flip_Flop leakage_power__ACQ_1 {0.48 0.06 63.6 6.75 1 70.3555450439 engnx03a.utdallas.edu 1732981958.96 1732982029.31 1 0.0275948047638 7.67282295227 0.00203919410706 0.00509119033813 0.00163316726685 69.8026301861 0.0 0.0 0.0 0.0 0.0 0.0 0.0 0.0}
replayTaskStats Flip_Flop leakage_power__ACQ_1 {0.48 0.06 63.6 6.75 1 70.3560080528 engnx03a.utdallas.edu 1732981958.96 1732982029.31 1 0.0275948047638 7.67282295227 0.00203919410706 0.00509119033813 0.00163316726685 69.8026301861 0.0 0.0 0.0 0.0 0.0 0.0 0.0 0.0}
replayTaskStats Flip_Flop Cin__D__hl__ACQ_1 {0.04 0.0 5.99 0.73 1 6.7179338932 engnx03a.utdallas.edu 1732982029.32 1732982036.03 1 0.0348908901215 6.68036580086 0.00204300880432 0.00406217575073 0.00066089630127 6.66233515739 0.0 0.0 0.0 0.0 0.0 0.0 0.0 0.0}
replayTaskStats Flip_Flop Cin__D__lh__ACQ_1 {0.05 0.01 5.95 0.69 1 6.63354587555 engnx03a.utdallas.edu 1732982036.03 1732982042.67 1 0.0308082103729 6.60017204285 0.00263690948486 0.0045759677887 0.000638961791992 6.58119702339 0.0 0.0 0.0 0.0 0.0 0.0 0.0 0.0}
replayTaskStats Flip_Flop Cin__VSS__hl__ACQ_1 {0.04 0.01 6.0 0.66 1 6.67399382591 engnx03a.utdallas.edu 1732982042.67 1732982049.34 1 0.0312039852142 6.63934898376 0.00267291069031 0.00428819656372 0.000673055648804 6.62004184723 0.0 0.0 0.0 0.0 0.0 0.0 0.0 0.0}
replayTaskStats Flip_Flop Cin__VSS__lh__ACQ_1 {0.05 0.0 6.15 0.72 1 6.86858701706 engnx03a.utdallas.edu 1732982049.34 1732982056.21 1 0.033350944519 6.83247518539 0.00206184387207 0.00448083877563 0.000642061233521 6.81246495247 0.0 0.0 0.0 0.0 0.0 0.0 0.0 0.0}
replayTaskStats Flip_Flop Cin__CLK__lh__ACQ_1 {0.05 0.01 6.14 0.67 1 6.80627393723 engnx03a.utdallas.edu 1732982056.21 1732982063.02 1 0.0308887958527 6.77283000946 0.00197792053223 0.00446605682373 0.000631093978882 6.75469303131 0.0 0.0 0.0 0.0 0.0 0.0 0.0 0.0}
replayTaskStats Flip_Flop Cin__VDD__hl__ACQ_1 {0.04 0.01 6.15 0.69 1 6.83421397209 engnx03a.utdallas.edu 1732982063.02 1732982069.85 1 0.0314340591431 6.80032396317 0.0019428730011 0.00408005714417 0.000625848770142 6.78244304657 0.0 0.0 0.0 0.0 0.0 0.0 0.0 0.0}
replayTaskStats Flip_Flop Cin__VDD__lh__ACQ_1 {0.04 0.0 6.24 0.69 1 6.93998789787 engnx03a.utdallas.edu 1732982069.85 1732982076.79 1 0.0296959877014 6.90781497955 0.00227284431458 0.00418615341187 0.000626802444458 6.88983297348 0.0 0.0 0.0 0.0 0.0 0.0 0.0 0.0}
replayTaskStats Flip_Flop Cin__R__hl__ACQ_1 {0.05 0.01 5.83 0.67 1 6.50875997543 engnx03a.utdallas.edu 1732982076.79 1732982083.3 1 0.0314240455627 6.47485208511 0.00244402885437 0.00447607040405 0.00168704986572 6.45476603508 0.0 0.0 0.0 0.0 0.0 0.0 0.0 0.0}
replayTaskStats Flip_Flop modeling {0.24 0.01 0.0 0.0 1 0.296802043915 engnx03a.utdallas.edu 1732982158.56 1732982158.86 1}
replayTaskStats Flip_Flop configure {0.28 0.0 0.01 0.02 1 0.408653020859 engnx01a.utdallas.edu 1733168236.23 1733168236.64 1}
replayTaskStats Flip_Flop initialization__ACQ_7 {0.09 0.01 5.92 0.65 1 6.70886516571 engnx01a.utdallas.edu 1733168244.55 1733168251.26 1 0.0715470314026 6.63402104378 0.00423002243042 0.00569105148315 0.00213694572449 6.51561689377 0.0 0.0 0.0 0.0 0.0 0.0 0.0 0.0}
replayTaskStats Flip_Flop initialization__ACQ_6 {0.05 0.01 6.01 0.59 1 6.60484981537 engnx01a.utdallas.edu 1733168251.26 1733168257.87 1 0.0280549526215 6.57433009148 0.00396990776062 0.00517392158508 0.00144195556641 6.5531539917 0.0 0.0 0.0 0.0 0.0 0.0 0.0 0.0}
replayTaskStats Flip_Flop initialization__ACQ_4 {0.04 0.0 6.24 0.61 1 6.83864712715 engnx01a.utdallas.edu 1733168257.87 1733168264.71 1 0.0264987945557 6.80973720551 0.0045530796051 0.00529193878174 0.00145220756531 6.78802800179 0.0 0.0 0.0 0.0 0.0 0.0 0.0 0.0}
replayTaskStats Flip_Flop initialization__ACQ_5 {0.05 0.01 5.89 0.66 1 6.55396294594 engnx01a.utdallas.edu 1733168264.71 1733168271.26 1 0.042286157608 6.50919890404 0.00403809547424 0.00550603866577 0.00143504142761 6.4869761467 0.0 0.0 0.0 0.0 0.0 0.0 0.0 0.0}
replayTaskStats Flip_Flop removal_hbm__R__hl__CLK__hl__ACQ_1 {0.06 0.0 9.9 0.66 1 10.5768511295 engnx01a.utdallas.edu 1733168271.26 1733168281.84 1 0.0391809940338 10.5351159573 0.00193619728088 0.00685882568359 0.00201988220215 10.5089678764 0.0 0.0 0.0 0.0 0.0 0.0 0.0 0.0}
replayTaskStats Flip_Flop recover_hbm__R__hl__CLK__hl__ACQ_1 {0.06 0.01 10.19 0.69 1 10.913795948 engnx01a.utdallas.edu 1733168281.84 1733168292.75 1 0.0414350032806 10.8698890209 0.00211906433105 0.00535202026367 0.00168395042419 10.8454399109 0.0 0.0 0.0 0.0 0.0 0.0 0.0 0.0}
replayTaskStats Flip_Flop initialization__ACQ_1 {0.04 0.0 5.89 0.61 1 6.48707103729 engnx01a.utdallas.edu 1733168292.76 1733168299.24 1 0.0268189907074 6.45755195618 0.00409984588623 0.00521802902222 0.00144791603088 6.43626785278 0.0 0.0 0.0 0.0 0.0 0.0 0.0 0.0}
replayTaskStats Flip_Flop initialization__ACQ_2 {0.04 0.01 5.95 0.62 1 6.57576084137 engnx01a.utdallas.edu 1733168299.24 1733168305.82 1 0.0282261371613 6.54501891136 0.00407385826111 0.00517106056213 0.00148177146912 6.52348208427 0.0 0.0 0.0 0.0 0.0 0.0 0.0 0.0}
replayTaskStats Flip_Flop initialization__ACQ_3 {0.04 0.01 6.07 0.63 1 6.70618796349 engnx01a.utdallas.edu 1733168305.82 1733168312.53 1 0.0281610488892 6.67552804947 0.00394606590271 0.00513315200806 0.00144195556641 6.6541519165 0.0 0.0 0.0 0.0 0.0 0.0 0.0 0.0}
replayTaskStats Flip_Flop setup_hbm__D__lh__CLK__hl__ACQ_1 {0.06 0.0 10.42 0.65 1 11.0905179977 engnx01a.utdallas.edu 1733168312.53 1733168323.62 1 0.0402050018311 11.0476830006 0.00200986862183 0.00588583946228 0.0020899772644 11.0191679001 0.0 0.0 0.0 0.0 0.0 0.0 0.0 0.0}
replayTaskStats Flip_Flop setup_hbm__D__hl__CLK__hl__ACQ_1 {0.06 0.01 10.37 0.68 1 11.0772249699 engnx01a.utdallas.edu 1733168323.62 1733168334.69 1 0.04234790802 11.0323181152 0.00193500518799 0.00577688217163 0.00174283981323 11.0049080849 0.0 0.0 0.0 0.0 0.0 0.0 0.0 0.0}
replayTaskStats Flip_Flop ncmpw_hbm__CLK__lh__CLK__hl__ACQ_1 {0.05 0.01 6.73 0.66 1 7.40611696243 engnx01a.utdallas.edu 1733168334.7 1733168342.1 1 0.0363011360168 7.36723399162 0.00186109542847 0.00521802902222 0.00130605697632 7.34406304359 0.0 0.0 0.0 0.0 0.0 0.0 0.0 0.0}
replayTaskStats Flip_Flop cmpw_hbm__CLK__hl__CLK__lh__ACQ_1 {0.05 0.01 6.47 0.66 1 7.1385550499 engnx01a.utdallas.edu 1733168342.1 1733168349.24 1 0.0334010124207 7.10270285606 0.00183510780334 0.00528788566589 0.00126099586487 7.07987093925 0.0 0.0 0.0 0.0 0.0 0.0 0.0 0.0}
replayTaskStats Flip_Flop hold_hbm__D__hl__CLK__hl__ACQ_1 {0.06 0.0 10.23 0.68 1 10.9243559837 engnx01a.utdallas.edu 1733168349.24 1733168360.17 1 0.0401339530945 10.8817410469 0.00203609466553 0.00546789169312 0.00165009498596 10.8573439121 0.0 0.0 0.0 0.0 0.0 0.0 0.0 0.0}
replayTaskStats Flip_Flop cmpw_hbm__R__lh__R__hl__ACQ_1 {0.05 0.01 6.39 0.65 1 7.04703092575 engnx01a.utdallas.edu 1733168360.17 1733168367.21 1 0.0345540046692 7.00986099243 0.00176405906677 0.0050630569458 0.00125789642334 6.98727011681 0.0 0.0 0.0 0.0 0.0 0.0 0.0 0.0}
replayTaskStats Flip_Flop hold_hbm__D__lh__CLK__hl__ACQ_1 {0.06 0.0 10.12 0.71 1 10.8463048935 engnx01a.utdallas.edu 1733168367.21 1733168378.06 1 0.0402750968933 10.8035519123 0.00181603431702 0.00604891777039 0.00165581703186 10.7768640518 0.0 0.0 0.0 0.0 0.0 0.0 0.0 0.0}
replayTaskStats Flip_Flop delay__CLK__hl__Q__lh__ACQ_1 {0.06 0.01 6.88 0.63 1 7.52806591988 engnx01a.utdallas.edu 1733168378.06 1733168385.59 1 0.0379869937897 7.48758196831 0.00212693214417 0.00666809082031 0.00064492225647 7.4618370533 0.0 0.0 0.0 0.0 0.0 0.0 0.0 0.0}
replayTaskStats Flip_Flop delay__R__lh__Q__hl__ACQ_1 {0.06 0.0 6.67 0.67 1 7.37047600746 engnx01a.utdallas.edu 1733168385.59 1733168392.96 1 0.0428631305695 7.32511901855 0.001797914505 0.00663113594055 0.000636100769043 7.29824519157 0.0 0.0 0.0 0.0 0.0 0.0 0.0 0.0}
replayTaskStats Flip_Flop delay__CLK__hl__Q__hl__ACQ_1 {0.06 0.01 6.86 0.7 1 7.57292199135 engnx01a.utdallas.edu 1733168392.96 1733168400.53 1 0.0378239154816 7.53262519836 0.00186014175415 0.00661993026733 0.000622987747192 7.50775003433 0.0 0.0 0.0 0.0 0.0 0.0 0.0 0.0}
replayTaskStats Flip_Flop leakage_power__ACQ_1 {0.45 0.06 64.14 6.48 1 70.6367909908 engnx01a.utdallas.edu 1733168400.53 1733168471.17 1 0.0271780490875 7.61498713493 0.00204586982727 0.00467896461487 0.00164985656738 70.1039378643 0.0 0.0 0.0 0.0 0.0 0.0 0.0 0.0}
replayTaskStats Flip_Flop leakage_power__ACQ_1 {0.45 0.06 64.14 6.48 1 70.6372709274 engnx01a.utdallas.edu 1733168400.53 1733168471.17 1 0.0271780490875 7.61498713493 0.00204586982727 0.00467896461487 0.00164985656738 70.1039378643 0.0 0.0 0.0 0.0 0.0 0.0 0.0 0.0}
replayTaskStats Flip_Flop leakage_power__ACQ_1 {0.46 0.06 64.14 6.48 1 70.6377840042 engnx01a.utdallas.edu 1733168400.53 1733168471.17 1 0.0271780490875 7.61498713493 0.00204586982727 0.00467896461487 0.00164985656738 70.1039378643 0.0 0.0 0.0 0.0 0.0 0.0 0.0 0.0}
replayTaskStats Flip_Flop leakage_power__ACQ_1 {0.46 0.06 64.14 6.48 1 70.6382689476 engnx01a.utdallas.edu 1733168400.53 1733168471.17 1 0.0271780490875 7.61498713493 0.00204586982727 0.00467896461487 0.00164985656738 70.1039378643 0.0 0.0 0.0 0.0 0.0 0.0 0.0 0.0}
replayTaskStats Flip_Flop leakage_power__ACQ_1 {0.46 0.06 64.14 6.48 1 70.6387469769 engnx01a.utdallas.edu 1733168400.53 1733168471.17 1 0.0271780490875 7.61498713493 0.00204586982727 0.00467896461487 0.00164985656738 70.1039378643 0.0 0.0 0.0 0.0 0.0 0.0 0.0 0.0}
replayTaskStats Flip_Flop leakage_power__ACQ_1 {0.46 0.06 64.14 6.48 1 70.6392149925 engnx01a.utdallas.edu 1733168400.53 1733168471.17 1 0.0271780490875 7.61498713493 0.00204586982727 0.00467896461487 0.00164985656738 70.1039378643 0.0 0.0 0.0 0.0 0.0 0.0 0.0 0.0}
replayTaskStats Flip_Flop leakage_power__ACQ_1 {0.46 0.06 64.14 6.48 1 70.6396870613 engnx01a.utdallas.edu 1733168400.53 1733168471.17 1 0.0271780490875 7.61498713493 0.00204586982727 0.00467896461487 0.00164985656738 70.1039378643 0.0 0.0 0.0 0.0 0.0 0.0 0.0 0.0}
replayTaskStats Flip_Flop leakage_power__ACQ_1 {0.46 0.06 64.14 6.48 1 70.6401729584 engnx01a.utdallas.edu 1733168400.53 1733168471.17 1 0.0271780490875 7.61498713493 0.00204586982727 0.00467896461487 0.00164985656738 70.1039378643 0.0 0.0 0.0 0.0 0.0 0.0 0.0 0.0}
replayTaskStats Flip_Flop leakage_power__ACQ_1 {0.46 0.06 64.14 6.48 1 70.6406428814 engnx01a.utdallas.edu 1733168400.53 1733168471.17 1 0.0271780490875 7.61498713493 0.00204586982727 0.00467896461487 0.00164985656738 70.1039378643 0.0 0.0 0.0 0.0 0.0 0.0 0.0 0.0}
replayTaskStats Flip_Flop leakage_power__ACQ_1 {0.46 0.06 64.14 6.48 1 70.6411070824 engnx01a.utdallas.edu 1733168400.53 1733168471.18 1 0.0271780490875 7.61498713493 0.00204586982727 0.00467896461487 0.00164985656738 70.1039378643 0.0 0.0 0.0 0.0 0.0 0.0 0.0 0.0}
replayTaskStats Flip_Flop Cin__D__hl__ACQ_1 {0.05 0.0 6.19 0.68 1 6.88000607491 engnx01a.utdallas.edu 1733168471.18 1733168478.06 1 0.0349180698395 6.84245300293 0.00194883346558 0.00532603263855 0.000621795654297 6.8237221241 0.0 0.0 0.0 0.0 0.0 0.0 0.0 0.0}
replayTaskStats Flip_Flop Cin__D__lh__ACQ_1 {0.04 0.01 6.18 0.68 1 6.85026311874 engnx01a.utdallas.edu 1733168478.06 1733168484.91 1 0.0309970378876 6.81678700447 0.0021390914917 0.00500988960266 0.000617027282715 6.79829096794 0.0 0.0 0.0 0.0 0.0 0.0 0.0 0.0}
replayTaskStats Flip_Flop Cin__VSS__hl__ACQ_1 {0.05 0.0 6.26 0.61 1 6.88610482216 engnx01a.utdallas.edu 1733168484.91 1733168491.79 1 0.032408952713 6.8512468338 0.00197196006775 0.00533986091614 0.00062108039856 6.83206892014 0.0 0.0 0.0 0.0 0.0 0.0 0.0 0.0}
replayTaskStats Flip_Flop Cin__VSS__lh__ACQ_1 {0.05 0.01 5.97 0.7 1 6.67473697662 engnx01a.utdallas.edu 1733168491.8 1733168498.47 1 0.0378949642181 6.63427710533 0.00211191177368 0.00519108772278 0.000741004943848 6.61328792572 0.0 0.0 0.0 0.0 0.0 0.0 0.0 0.0}
replayTaskStats Flip_Flop Cin__CLK__lh__ACQ_1 {0.06 0.0 6.24 0.68 1 6.91281819344 engnx01a.utdallas.edu 1733168498.47 1733168505.38 1 0.033262014389 6.87691402435 0.00247502326965 0.00530600547791 0.000736951828003 6.85568594933 0.0 0.0 0.0 0.0 0.0 0.0 0.0 0.0}
replayTaskStats Flip_Flop Cin__VDD__hl__ACQ_1 {0.05 0.01 6.14 0.72 1 6.87767386436 engnx01a.utdallas.edu 1733168505.38 1733168512.26 1 0.0381100177765 6.83700990677 0.00210690498352 0.00505208969116 0.00062894821167 6.8161380291 0.0 0.0 0.0 0.0 0.0 0.0 0.0 0.0}
replayTaskStats Flip_Flop Cin__VDD__lh__ACQ_1 {0.04 0.01 6.2 0.68 1 6.87099289894 engnx01a.utdallas.edu 1733168512.26 1733168519.13 1 0.0309731960297 6.83741784096 0.00183892250061 0.00542187690735 0.000632047653198 6.81846785545 0.0 0.0 0.0 0.0 0.0 0.0 0.0 0.0}
replayTaskStats Flip_Flop Cin__R__hl__ACQ_1 {0.05 0.0 6.16 0.64 1 6.8148651123 engnx01a.utdallas.edu 1733168519.13 1733168525.95 1 0.0318968296051 6.78048181534 0.00181293487549 0.00536608695984 0.000619173049927 6.76185488701 0.0 0.0 0.0 0.0 0.0 0.0 0.0 0.0}
replayTaskStats Flip_Flop modeling {0.25 0.01 0.0 0.0 1 0.300227880478 engnx01a.utdallas.edu 1733168601.67 1733168601.97 1}
