replayTaskStats NAND2 configure {0.1 0.01 0.0 0.0 1 0.132277011871 engnx03a.utdallas.edu 1732982761.06 1732982761.19 1}
replayTaskStats NAND2 delay__B__lh__OUT__hl__ACQ_1 {0.11 0.01 5.91 0.68 1 6.73790693283 engnx03a.utdallas.edu 1732982774.37 1732982781.11 1 0.0784261226654 6.65627503395 0.00242781639099 0.00618886947632 0.000888824462891 6.53728890419 0.0 0.0 0.0 0.0 0.0 0.0 0.0 0.0}
replayTaskStats NAND2 delay__B__hl__OUT__lh__ACQ_1 {0.06 0.01 6.07 0.64 1 6.71655488014 engnx03a.utdallas.edu 1732982781.11 1732982787.83 1 0.0348100662231 6.67893505096 0.00237512588501 0.00607085227966 0.000699996948242 6.6533138752 0.0 0.0 0.0 0.0 0.0 0.0 0.0 0.0}
replayTaskStats NAND2 delay__A__lh__OUT__hl__ACQ_1 {0.06 0.0 5.95 0.64 1 6.59969615936 engnx03a.utdallas.edu 1732982787.83 1732982794.43 1 0.0369889736176 6.56006789207 0.00190997123718 0.0059609413147 0.000675201416016 6.53576087952 0.0 0.0 0.0 0.0 0.0 0.0 0.0 0.0}
replayTaskStats NAND2 delay__A__hl__OUT__lh__ACQ_1 {0.05 0.01 5.84 0.64 1 6.4922990799 engnx03a.utdallas.edu 1732982794.43 1732982800.92 1 0.0339679718018 6.45584893227 0.00192403793335 0.0058000087738 0.00066614151001 6.43198108673 0.0 0.0 0.0 0.0 0.0 0.0 0.0 0.0}
replayTaskStats NAND2 leakage_power__ACQ_1 {0.06 0.02 5.94 0.64 1 6.60160899162 engnx03a.utdallas.edu 1732982800.92 1732982807.52 1 0.0515480041504 6.54729890823 0.00240993499756 0.00413489341736 0.00219988822937 6.52632498741 0.0 0.0 0.0 0.0 0.0 0.0 0.0 0.0}
replayTaskStats NAND2 Cin__VSS__lh__ACQ_1 {0.04 0.01 5.81 0.67 1 6.48365497589 engnx03a.utdallas.edu 1732982807.52 1732982814.01 1 0.0310900211334 6.4498398304 0.00188493728638 0.00395202636719 0.000645160675049 6.43235492706 0.0 0.0 0.0 0.0 0.0 0.0 0.0 0.0}
replayTaskStats NAND2 Cin__VSS__hl__ACQ_1 {0.04 0.01 6.03 0.67 1 6.67988681793 engnx03a.utdallas.edu 1732982814.01 1732982820.69 1 0.0273261070251 6.65003705025 0.00223588943481 0.00431394577026 0.000653028488159 6.6318089962 0.0 0.0 0.0 0.0 0.0 0.0 0.0 0.0}
replayTaskStats NAND2 Cin__VDD__lh__ACQ_1 {0.04 0.01 5.91 0.69 1 6.61609196663 engnx03a.utdallas.edu 1732982820.69 1732982827.3 1 0.0361950397491 6.57724690437 0.00220394134521 0.00441384315491 0.000767946243286 6.55714082718 0.0 0.0 0.0 0.0 0.0 0.0 0.0 0.0}
replayTaskStats NAND2 Cin__VDD__hl__ACQ_1 {0.05 0.0 5.92 0.71 1 6.64169001579 engnx03a.utdallas.edu 1732982827.3 1732982833.95 1 0.0312628746033 6.60772109032 0.00211501121521 0.00504302978516 0.000713109970093 6.58755016327 0.0 0.0 0.0 0.0 0.0 0.0 0.0 0.0}
replayTaskStats NAND2 modeling {0.15 0.01 0.0 0.0 1 0.185038089752 engnx03a.utdallas.edu 1732982900.18 1732982900.36 1}
replayTaskStats NAND2 configure {0.1 0.0 0.0 0.0 1 0.131413936615 engnx01a.utdallas.edu 1733168946.94 1733168947.07 1}
replayTaskStats NAND2 delay__B__lh__OUT__hl__ACQ_1 {0.1 0.01 6.01 0.66 1 6.83075785637 engnx01a.utdallas.edu 1733168955.34 1733168962.17 1 0.0775179862976 6.7500898838 0.00201392173767 0.00717496871948 0.000874996185303 6.62315201759 0.0 0.0 0.0 0.0 0.0 0.0 0.0 0.0}
replayTaskStats NAND2 delay__B__hl__OUT__lh__ACQ_1 {0.06 0.01 5.91 0.62 1 6.53437614441 engnx01a.utdallas.edu 1733168962.17 1733168968.71 1 0.0347518920898 6.49713993073 0.00185704231262 0.00665712356567 0.00068211555481 6.4718170166 0.0 0.0 0.0 0.0 0.0 0.0 0.0 0.0}
replayTaskStats NAND2 delay__A__lh__OUT__hl__ACQ_1 {0.06 0.0 5.87 0.59 1 6.47014594078 engnx01a.utdallas.edu 1733168968.71 1733168975.18 1 0.037052154541 6.43052196503 0.00192022323608 0.00648498535156 0.000725984573364 6.40483188629 0.0 0.0 0.0 0.0 0.0 0.0 0.0 0.0}
replayTaskStats NAND2 delay__A__hl__OUT__lh__ACQ_1 {0.05 0.02 5.96 0.62 1 6.59000682831 engnx01a.utdallas.edu 1733168975.18 1733168981.77 1 0.0341680049896 6.55310297012 0.00209307670593 0.00678396224976 0.000889778137207 6.5211751461 0.0 0.0 0.0 0.0 0.0 0.0 0.0 0.0}
replayTaskStats NAND2 leakage_power__ACQ_1 {0.06 0.01 5.81 0.62 1 6.46086192131 engnx01a.utdallas.edu 1733168981.77 1733168988.23 1 0.0523929595947 6.40557193756 0.00193405151367 0.00501394271851 0.0023558139801 6.38168811798 0.0 0.0 0.0 0.0 0.0 0.0 0.0 0.0}
replayTaskStats NAND2 Cin__VSS__lh__ACQ_1 {0.05 0.01 5.81 0.61 1 6.42474102974 engnx01a.utdallas.edu 1733168988.23 1733168994.65 1 0.0316879749298 6.39048910141 0.00196194648743 0.0046660900116 0.000671148300171 6.37181901932 0.0 0.0 0.0 0.0 0.0 0.0 0.0 0.0}
replayTaskStats NAND2 Cin__VSS__hl__ACQ_1 {0.04 0.01 6.0 0.66 1 6.66099596024 engnx01a.utdallas.edu 1733168994.66 1733169001.32 1 0.0285830497742 6.6292951107 0.00244092941284 0.00484991073608 0.000847101211548 6.60940003395 0.0 0.0 0.0 0.0 0.0 0.0 0.0 0.0}
replayTaskStats NAND2 Cin__VDD__lh__ACQ_1 {0.05 0.0 5.82 0.62 1 6.46161818504 engnx01a.utdallas.edu 1733169001.32 1733169007.78 1 0.0285840034485 6.43046689034 0.0020899772644 0.00499200820923 0.000797033309937 6.40462493896 0.0 0.0 0.0 0.0 0.0 0.0 0.0 0.0}
replayTaskStats NAND2 Cin__VDD__hl__ACQ_1 {0.04 0.0 5.94 0.66 1 6.5944480896 engnx01a.utdallas.edu 1733169007.78 1733169014.37 1 0.030385017395 6.56134581566 0.00182914733887 0.00505709648132 0.000680923461914 6.54201006889 0.0 0.0 0.0 0.0 0.0 0.0 0.0 0.0}
replayTaskStats NAND2 modeling {0.15 0.01 0.0 0.0 1 0.264340877533 engnx01a.utdallas.edu 1733169070.27 1733169070.54 1}
