replayTaskStats NAND2 configure {0.1 0.0 0.0 0.0 1 0.129928827286 engnx03a.utdallas.edu 1731202020.22 1731202020.35 1}
replayTaskStats NAND2 delay__VA__lh__OUT__hl__ACQ_1 {0.11 0.02 5.96 0.75 1 6.9025759697 engnx03a.utdallas.edu 1731202029.1 1731202036.0 1 0.0803458690643 6.81890201569 0.00262093544006 0.00717115402222 0.000918865203857 6.66422915459 0.0 0.0 0.0 0.0 0.0 0.0 0.0 0.0}
replayTaskStats NAND2 delay__VA__hl__OUT__lh__ACQ_1 {0.06 0.0 5.89 0.69 1 6.58911323547 engnx03a.utdallas.edu 1731202036.0 1731202042.59 1 0.0371689796448 6.54944396019 0.00211620330811 0.00558114051819 0.000653982162476 6.52469801903 0.0 0.0 0.0 0.0 0.0 0.0 0.0 0.0}
replayTaskStats NAND2 delay__VB__lh__OUT__hl__ACQ_1 {0.05 0.01 6.03 0.65 1 6.68314218521 engnx03a.utdallas.edu 1731202042.59 1731202049.27 1 0.0339689254761 6.64666008949 0.00199794769287 0.00559592247009 0.000666856765747 6.62271690369 0.0 0.0 0.0 0.0 0.0 0.0 0.0 0.0}
replayTaskStats NAND2 delay__VB__hl__OUT__lh__ACQ_1 {0.06 0.0 5.96 0.7 1 6.6680829525 engnx03a.utdallas.edu 1731202049.28 1731202055.94 1 0.0341320037842 6.63139104843 0.00195693969727 0.00573396682739 0.000654220581055 6.60717701912 0.0 0.0 0.0 0.0 0.0 0.0 0.0 0.0}
replayTaskStats NAND2 leakage_power__ACQ_1 {0.05 0.02 5.87 0.68 1 6.56983304024 engnx03a.utdallas.edu 1731202055.94 1731202062.51 1 0.0496439933777 6.51739215851 0.00241494178772 0.00417804718018 0.00212287902832 6.49536800385 0.0 0.0 0.0 0.0 0.0 0.0 0.0 0.0}
replayTaskStats NAND2 Cin__VSS__lh__ACQ_1 {0.05 0.0 5.82 0.69 1 6.5121679306 engnx03a.utdallas.edu 1731202062.51 1731202069.03 1 0.0315630435944 6.47810602188 0.00186610221863 0.00447416305542 0.000738143920898 6.46025109291 0.0 0.0 0.0 0.0 0.0 0.0 0.0 0.0}
replayTaskStats NAND2 Cin__VSS__hl__ACQ_1 {0.04 0.01 5.81 0.71 1 6.50777316093 engnx03a.utdallas.edu 1731202069.03 1731202075.54 1 0.0288498401642 6.4754679203 0.00205683708191 0.00392413139343 0.000630140304565 6.45821714401 0.0 0.0 0.0 0.0 0.0 0.0 0.0 0.0}
replayTaskStats NAND2 Cin__VDD__lh__ACQ_1 {0.04 0.0 5.72 0.71 1 6.41594791412 engnx03a.utdallas.edu 1731202075.54 1731202081.95 1 0.027676820755 6.38554883003 0.00199699401855 0.0044310092926 0.000633001327515 6.3671848774 0.0 0.0 0.0 0.0 0.0 0.0 0.0 0.0}
replayTaskStats NAND2 Cin__VDD__hl__ACQ_1 {0.04 0.01 5.82 0.68 1 6.50832104683 engnx03a.utdallas.edu 1731202081.95 1731202088.46 1 0.0278520584106 6.47800898552 0.00216794013977 0.00423192977905 0.00064492225647 6.45998096466 0.0 0.0 0.0 0.0 0.0 0.0 0.0 0.0}
replayTaskStats NAND2 modeling {0.14 0.01 0.0 0.0 1 0.153635025024 engnx03a.utdallas.edu 1731202159.81 1731202159.97 1}
