replayTaskStats AOI22 configure {0.17 0.01 0.0 0.0 1 0.2036049366 engnx03a.utdallas.edu 1732981059.31 1732981059.52 1}
replayTaskStats AOI22 delay__A__hl__OUT__lh__ACQ_1 {0.12 0.01 5.89 0.69 1 6.7813770771 engnx03a.utdallas.edu 1732981069.3 1732981076.08 1 0.0912108421326 6.68659901619 0.00233292579651 0.0065279006958 0.000840187072754 6.56335401535 0.0 0.0 0.0 0.0 0.0 0.0 0.0 0.0}
replayTaskStats AOI22 delay__A__lh__OUT__hl__ACQ_1 {0.06 0.01 5.94 0.68 1 6.62123513222 engnx03a.utdallas.edu 1732981076.08 1732981082.7 1 0.0396938323975 6.57906103134 0.00193691253662 0.00551795959473 0.000638961791992 6.55482697487 0.0 0.0 0.0 0.0 0.0 0.0 0.0 0.0}
replayTaskStats AOI22 delay__B__hl__OUT__lh__ACQ_1 {0.08 0.01 5.98 0.67 1 6.67730998993 engnx03a.utdallas.edu 1732981082.7 1732981089.38 1 0.0535659790039 6.62069201469 0.00275588035583 0.00673913955688 0.000842094421387 6.59132099152 0.0 0.0 0.0 0.0 0.0 0.0 0.0 0.0}
replayTaskStats AOI22 delay__B__lh__OUT__hl__ACQ_1 {0.06 0.01 5.89 0.63 1 6.54035902023 engnx03a.utdallas.edu 1732981089.38 1732981095.92 1 0.0469448566437 6.4904229641 0.00206613540649 0.0054669380188 0.000874042510986 6.46320986748 0.0 0.0 0.0 0.0 0.0 0.0 0.0 0.0}
replayTaskStats AOI22 delay__C__hl__OUT__lh__ACQ_1 {0.06 0.01 5.97 0.67 1 6.65824508667 engnx03a.utdallas.edu 1732981095.92 1732981102.58 1 0.0416991710663 6.61402392387 0.00207686424255 0.00556898117065 0.000620126724243 6.59007906914 0.0 0.0 0.0 0.0 0.0 0.0 0.0 0.0}
replayTaskStats AOI22 delay__C__lh__OUT__hl__ACQ_1 {0.06 0.01 5.89 0.66 1 6.55722880363 engnx03a.utdallas.edu 1732981102.58 1732981109.14 1 0.0407979488373 6.51391887665 0.00208401679993 0.00593590736389 0.000630855560303 6.48938703537 0.0 0.0 0.0 0.0 0.0 0.0 0.0 0.0}
replayTaskStats AOI22 delay__D__hl__OUT__lh__ACQ_1 {0.05 0.0 5.8 0.69 1 6.50208711624 engnx03a.utdallas.edu 1732981109.14 1732981115.64 1 0.0405378341675 6.45904684067 0.00181698799133 0.00551795959473 0.000635147094727 6.43547701836 0.0 0.0 0.0 0.0 0.0 0.0 0.0 0.0}
replayTaskStats AOI22 delay__D__lh__OUT__hl__ACQ_1 {0.06 0.0 5.83 0.69 1 6.5280919075 engnx03a.utdallas.edu 1732981115.64 1732981122.17 1 0.0391328334808 6.48648309708 0.00203514099121 0.00601100921631 0.000629901885986 6.46216106415 0.0 0.0 0.0 0.0 0.0 0.0 0.0 0.0}
replayTaskStats AOI22 leakage_power__ACQ_1 {0.04 0.01 5.85 0.68 1 6.52582097054 engnx03a.utdallas.edu 1732981122.17 1732981128.69 1 0.0303821563721 6.49261307716 0.00191116333008 0.00439405441284 0.00222611427307 6.4730219841 0.0 0.0 0.0 0.0 0.0 0.0 0.0 0.0}
replayTaskStats AOI22 Cin__VSS__hl__ACQ_1 {0.05 0.01 5.79 0.7 1 6.52186012268 engnx03a.utdallas.edu 1732981128.69 1732981135.22 1 0.0363659858704 6.48293805122 0.00229001045227 0.00425004959106 0.000645160675049 6.46474814415 0.0 0.0 0.0 0.0 0.0 0.0 0.0 0.0}
replayTaskStats AOI22 Cin__VSS__lh__ACQ_1 {0.05 0.0 5.93 0.66 1 6.58546113968 engnx03a.utdallas.edu 1732981135.22 1732981141.8 1 0.0339999198914 6.54898118973 0.0019838809967 0.00427985191345 0.000630140304565 6.5310561657 0.0 0.0 0.0 0.0 0.0 0.0 0.0 0.0}
replayTaskStats AOI22 Cin__VDD__hl__ACQ_1 {0.04 0.01 5.75 0.66 1 6.4071419239 engnx03a.utdallas.edu 1732981141.8 1732981148.21 1 0.0339138507843 6.37076997757 0.00184917449951 0.00429201126099 0.000627040863037 6.35313606262 0.0 0.0 0.0 0.0 0.0 0.0 0.0 0.0}
replayTaskStats AOI22 Cin__VDD__lh__ACQ_1 {0.05 0.01 5.84 0.66 1 6.48629498482 engnx03a.utdallas.edu 1732981148.21 1732981154.7 1 0.0316050052643 6.45221185684 0.00191307067871 0.00408697128296 0.000623941421509 6.43462705612 0.0 0.0 0.0 0.0 0.0 0.0 0.0 0.0}
replayTaskStats AOI22 modeling {0.25 0.01 0.0 0.0 1 0.280481815338 engnx03a.utdallas.edu 1732981189.79 1732981190.07 1}
replayTaskStats AOI22 configure {0.2 0.01 0.0 0.0 1 0.245222091675 engnx01a.utdallas.edu 1733167787.88 1733167788.12 1}
replayTaskStats AOI22 configure {0.16 0.0 0.0 0.0 1 0.211081027985 engnx01a.utdallas.edu 1733167805.85 1733167806.06 1}
replayTaskStats AOI22 configure {0.16 0.01 0.0 0.0 1 0.220271110535 engnx01a.utdallas.edu 1733168007.83 1733168008.05 1}
replayTaskStats AOI22 modeling {0.24 0.01 0.0 0.0 1 0.255948066711 engnx01a.utdallas.edu 1733168139.37 1733168139.62 1}
