replayTaskStats NOR3 configure {0.13 0.01 0.0 0.0 1 0.173054933548 engnx03a.utdallas.edu 1732840974.14 1732840974.31 1}
replayTaskStats NOR3 delay__B__lh__OUT__hl__ACQ_1 {0.12 0.01 5.95 0.65 1 6.76080417633 engnx03a.utdallas.edu 1732840985.94 1732840992.7 1 0.0845749378204 6.67312407494 0.00220704078674 0.00642895698547 0.00081205368042 6.56134796143 0.0 0.0 0.0 0.0 0.0 0.0 0.0 0.0}
replayTaskStats NOR3 delay__B__hl__OUT__lh__ACQ_1 {0.05 0.01 5.8 0.61 1 6.42085504532 engnx03a.utdallas.edu 1732840992.7 1732840999.12 1 0.0365571975708 6.38190603256 0.00220918655396 0.0058810710907 0.00061297416687 6.35769605637 0.0 0.0 0.0 0.0 0.0 0.0 0.0 0.0}
replayTaskStats NOR3 delay__C__lh__OUT__hl__ACQ_1 {0.05 0.0 5.85 0.62 1 6.46941208839 engnx03a.utdallas.edu 1732840999.12 1732841005.59 1 0.0359508991241 6.43104696274 0.00190997123718 0.00532102584839 0.000632047653198 6.4077808857 0.0 0.0 0.0 0.0 0.0 0.0 0.0 0.0}
replayTaskStats NOR3 delay__C__hl__OUT__lh__ACQ_1 {0.07 0.0 5.99 0.62 1 6.63305401802 engnx03a.utdallas.edu 1732841005.59 1732841012.23 1 0.0508279800415 6.57984495163 0.00196409225464 0.0053288936615 0.000632047653198 6.55579209328 0.0 0.0 0.0 0.0 0.0 0.0 0.0 0.0}
replayTaskStats NOR3 delay__A__lh__OUT__hl__ACQ_1 {0.07 0.02 5.88 0.6 1 6.50980901718 engnx03a.utdallas.edu 1732841012.23 1732841018.74 1 0.0489900112152 6.45821595192 0.00218987464905 0.00574588775635 0.00078010559082 6.42985677719 0.0 0.0 0.0 0.0 0.0 0.0 0.0 0.0}
replayTaskStats NOR3 delay__A__hl__OUT__lh__ACQ_1 {0.05 0.01 5.81 0.61 1 6.44369006157 engnx03a.utdallas.edu 1732841018.74 1732841025.18 1 0.0407900810242 6.40026903152 0.00179100036621 0.00585007667542 0.000638008117676 6.37612485886 0.0 0.0 0.0 0.0 0.0 0.0 0.0 0.0}
replayTaskStats NOR3 leakage_power__ACQ_1 {0.42 0.05 61.75 6.25 1 67.9488489628 engnx03a.utdallas.edu 1732841025.18 1732841093.13 1 0.0291130542755 7.41072916985 0.00206685066223 0.00571608543396 0.00182700157166 67.4576909542 0.0 0.0 0.0 0.0 0.0 0.0 0.0 0.0}
replayTaskStats NOR3 leakage_power__ACQ_1 {0.42 0.05 61.75 6.25 1 67.9493348598 engnx03a.utdallas.edu 1732841025.18 1732841093.13 1 0.0291130542755 7.41072916985 0.00206685066223 0.00571608543396 0.00182700157166 67.4576909542 0.0 0.0 0.0 0.0 0.0 0.0 0.0 0.0}
replayTaskStats NOR3 leakage_power__ACQ_1 {0.42 0.05 61.75 6.25 1 67.9498109818 engnx03a.utdallas.edu 1732841025.18 1732841093.13 1 0.0291130542755 7.41072916985 0.00206685066223 0.00571608543396 0.00182700157166 67.4576909542 0.0 0.0 0.0 0.0 0.0 0.0 0.0 0.0}
replayTaskStats NOR3 leakage_power__ACQ_1 {0.42 0.05 61.75 6.25 1 67.9502809048 engnx03a.utdallas.edu 1732841025.18 1732841093.13 1 0.0291130542755 7.41072916985 0.00206685066223 0.00571608543396 0.00182700157166 67.4576909542 0.0 0.0 0.0 0.0 0.0 0.0 0.0 0.0}
replayTaskStats NOR3 leakage_power__ACQ_1 {0.42 0.05 61.75 6.25 1 67.9507510662 engnx03a.utdallas.edu 1732841025.18 1732841093.13 1 0.0291130542755 7.41072916985 0.00206685066223 0.00571608543396 0.00182700157166 67.4576909542 0.0 0.0 0.0 0.0 0.0 0.0 0.0 0.0}
replayTaskStats NOR3 leakage_power__ACQ_1 {0.42 0.05 61.75 6.25 1 67.951225996 engnx03a.utdallas.edu 1732841025.18 1732841093.13 1 0.0291130542755 7.41072916985 0.00206685066223 0.00571608543396 0.00182700157166 67.4576909542 0.0 0.0 0.0 0.0 0.0 0.0 0.0 0.0}
replayTaskStats NOR3 leakage_power__ACQ_1 {0.42 0.05 61.75 6.25 1 67.9516949654 engnx03a.utdallas.edu 1732841025.18 1732841093.13 1 0.0291130542755 7.41072916985 0.00206685066223 0.00571608543396 0.00182700157166 67.4576909542 0.0 0.0 0.0 0.0 0.0 0.0 0.0 0.0}
replayTaskStats NOR3 leakage_power__ACQ_1 {0.42 0.05 61.75 6.25 1 67.9521520138 engnx03a.utdallas.edu 1732841025.18 1732841093.13 1 0.0291130542755 7.41072916985 0.00206685066223 0.00571608543396 0.00182700157166 67.4576909542 0.0 0.0 0.0 0.0 0.0 0.0 0.0 0.0}
replayTaskStats NOR3 leakage_power__ACQ_1 {0.42 0.05 61.75 6.25 1 67.9526178837 engnx03a.utdallas.edu 1732841025.18 1732841093.13 1 0.0291130542755 7.41072916985 0.00206685066223 0.00571608543396 0.00182700157166 67.4576909542 0.0 0.0 0.0 0.0 0.0 0.0 0.0 0.0}
replayTaskStats NOR3 leakage_power__ACQ_1 {0.42 0.05 61.75 6.25 1 67.9530718327 engnx03a.utdallas.edu 1732841025.18 1732841093.13 1 0.0291130542755 7.41072916985 0.00206685066223 0.00571608543396 0.00182700157166 67.4576909542 0.0 0.0 0.0 0.0 0.0 0.0 0.0 0.0}
replayTaskStats NOR3 Cin__VSS__lh__ACQ_1 {0.05 0.01 5.81 0.58 1 6.39959907532 engnx03a.utdallas.edu 1732841093.14 1732841099.54 1 0.0334470272064 6.3636469841 0.00202298164368 0.00434017181396 0.000687837600708 6.34499001503 0.0 0.0 0.0 0.0 0.0 0.0 0.0 0.0}
replayTaskStats NOR3 Cin__VSS__hl__ACQ_1 {0.05 0.0 5.79 0.66 1 6.44308304787 engnx03a.utdallas.edu 1732841099.54 1732841105.98 1 0.0326869487762 6.40785098076 0.00205206871033 0.00398015975952 0.000685930252075 6.3894200325 0.0 0.0 0.0 0.0 0.0 0.0 0.0 0.0}
replayTaskStats NOR3 Cin__VDD__lh__ACQ_1 {0.04 0.01 5.73 0.62 1 6.38146996498 engnx03a.utdallas.edu 1732841105.98 1732841112.36 1 0.0332729816437 6.34574317932 0.00212383270264 0.00443696975708 0.000653982162476 6.32706689835 0.0 0.0 0.0 0.0 0.0 0.0 0.0 0.0}
replayTaskStats NOR3 Cin__VDD__hl__ACQ_1 {0.05 0.0 5.98 0.64 1 6.61045503616 engnx03a.utdallas.edu 1732841112.36 1732841118.97 1 0.0300118923187 6.57790780067 0.00227308273315 0.00421094894409 0.000675916671753 6.55914211273 0.0 0.0 0.0 0.0 0.0 0.0 0.0 0.0}
replayTaskStats NOR3 modeling {0.18 0.01 0.0 0.0 1 0.202929019928 engnx03a.utdallas.edu 1732841166.36 1732841166.56 1}
