replayTaskStats NAND3 configure {0.03 0.0 0.0 0.0 1 0.0314450263977 engnx03a.utdallas.edu 1731203659.84 1731203659.87 1}
replayTaskStats NAND3 configure {0.03 0.0 0.0 0.0 1 0.0264987945557 engnx03a.utdallas.edu 1731203740.08 1731203740.11 1}
replayTaskStats NAND4 configure {0.21 0.01 0.0 0.0 1 0.245572090149 engnx03a.utdallas.edu 1731203808.83 1731203809.07 1}
replayTaskStats NAND4 delay__VA__hl__OUT__lh__ACQ_1 {0.12 0.01 6.27 0.69 1 7.12482786179 engnx03a.utdallas.edu 1731203820.54 1731203827.66 1 0.0892989635468 7.03228116035 0.00252604484558 0.00670409202576 0.000921010971069 6.90976500511 0.0 0.0 0.0 0.0 0.0 0.0 0.0 0.0}
replayTaskStats NAND4 delay__VA__lh__OUT__hl__ACQ_1 {0.06 0.01 6.12 0.72 1 6.84981107712 engnx03a.utdallas.edu 1731203827.66 1731203834.51 1 0.0406119823456 6.8067111969 0.00184297561646 0.00542092323303 0.000635147094727 6.78292584419 0.0 0.0 0.0 0.0 0.0 0.0 0.0 0.0}
replayTaskStats NAND4 delay__VB__hl__OUT__lh__ACQ_1 {0.08 0.0 5.93 0.68 1 6.62918615341 engnx03a.utdallas.edu 1731203834.51 1731203841.14 1 0.0575242042542 6.56908392906 0.00196599960327 0.00602316856384 0.000660181045532 6.54403018951 0.0 0.0 0.0 0.0 0.0 0.0 0.0 0.0}
replayTaskStats NAND4 delay__VB__lh__OUT__hl__ACQ_1 {0.06 0.01 5.92 0.68 1 6.62721085548 engnx03a.utdallas.edu 1731203841.14 1731203847.77 1 0.0479412078857 6.57669997215 0.00212097167969 0.00589609146118 0.000672817230225 6.55093193054 0.0 0.0 0.0 0.0 0.0 0.0 0.0 0.0}
replayTaskStats NAND4 delay__VC__hl__OUT__lh__ACQ_1 {0.07 0.01 6.12 0.67 1 6.80432796478 engnx03a.utdallas.edu 1731203847.77 1731203854.58 1 0.0416851043701 6.7593729496 0.0029079914093 0.00607395172119 0.000900030136108 6.73117613792 0.0 0.0 0.0 0.0 0.0 0.0 0.0 0.0}
replayTaskStats NAND4 delay__VC__lh__OUT__hl__ACQ_1 {0.08 0.0 6.0 0.69 1 6.73970198631 engnx03a.utdallas.edu 1731203854.58 1731203861.32 1 0.0587248802185 6.67730093002 0.00275492668152 0.00675702095032 0.000895977020264 6.64879202843 0.0 0.0 0.0 0.0 0.0 0.0 0.0 0.0}
replayTaskStats NAND4 delay__VD__hl__OUT__lh__ACQ_1 {0.09 0.01 6.01 0.71 1 6.7541410923 engnx03a.utdallas.edu 1731203861.32 1731203868.07 1 0.0611600875854 6.68999099731 0.00285601615906 0.00558710098267 0.000626087188721 6.65957021713 0.0 0.0 0.0 0.0 0.0 0.0 0.0 0.0}
replayTaskStats NAND4 delay__VD__lh__OUT__hl__ACQ_1 {0.06 0.0 6.16 0.69 1 6.87030696869 engnx03a.utdallas.edu 1731203868.07 1731203874.94 1 0.0412271022797 6.8265080452 0.00183796882629 0.00648617744446 0.000744104385376 6.80114006996 0.0 0.0 0.0 0.0 0.0 0.0 0.0 0.0}
replayTaskStats NAND4 leakage_power__ACQ_1 {0.05 0.01 5.81 0.7 1 6.51731300354 engnx03a.utdallas.edu 1731203874.94 1731203881.46 1 0.0307331085205 6.48392105103 0.00202703475952 0.00408411026001 0.00234699249268 6.46412491798 0.0 0.0 0.0 0.0 0.0 0.0 0.0 0.0}
replayTaskStats NAND4 Cin__VSS__hl__ACQ_1 {0.04 0.01 6.01 0.69 1 6.70647501945 engnx03a.utdallas.edu 1731203881.46 1731203888.17 1 0.0377480983734 6.66622495651 0.00252079963684 0.00439190864563 0.000630855560303 6.64729118347 0.0 0.0 0.0 0.0 0.0 0.0 0.0 0.0}
replayTaskStats NAND4 Cin__VSS__lh__ACQ_1 {0.05 0.01 5.89 0.69 1 6.57445406914 engnx03a.utdallas.edu 1731203888.17 1731203894.74 1 0.0342199802399 6.53779888153 0.00197887420654 0.00446796417236 0.000637054443359 6.51983118057 0.0 0.0 0.0 0.0 0.0 0.0 0.0 0.0}
replayTaskStats NAND4 Cin__VDD__hl__ACQ_1 {0.05 0.01 5.85 0.72 1 6.56225991249 engnx03a.utdallas.edu 1731203894.74 1731203901.3 1 0.0336480140686 6.52598810196 0.0026478767395 0.00439691543579 0.000748157501221 6.5058760643 0.0 0.0 0.0 0.0 0.0 0.0 0.0 0.0}
replayTaskStats NAND4 Cin__VDD__lh__ACQ_1 {0.05 0.01 5.92 0.69 1 6.63528513908 engnx03a.utdallas.edu 1731203901.31 1731203907.94 1 0.0400729179382 6.59253692627 0.00206089019775 0.00467586517334 0.00070595741272 6.57075285912 0.0 0.0 0.0 0.0 0.0 0.0 0.0 0.0}
replayTaskStats NAND4 modeling {0.2 0.01 0.0 0.0 1 0.216876029968 engnx03a.utdallas.edu 1731204029.06 1731204029.28 1}
