replayTaskStats D_Flip-Flop configure {0.01 0.0 0.0 0.0 1 0.00576186180115 engnx03a.utdallas.edu 1732187530.66 1732187530.66 1}
replayTaskStats D_Flip-Flop configure {0.0 0.0 0.0 0.0 1 0.00556111335754 engnx03a.utdallas.edu 1732187636.46 1732187636.47 1}
replayTaskStats D_Flip-Flop configure {0.01 0.0 0.0 0.0 1 0.00586414337158 engnx03a.utdallas.edu 1732187850.99 1732187850.99 1}
replayTaskStats D_Flip-Flop configure {0.0 0.0 0.0 0.0 1 0.00577592849731 engnx03a.utdallas.edu 1732188061.27 1732188061.27 1}
replayTaskStats D_Flip-Flop configure {0.01 0.0 0.0 0.0 1 0.00956892967224 engnx03a.utdallas.edu 1732188211.5 1732188211.51 1}
replayTaskStats D_Flip-Flop configure {0.01 0.0 0.0 0.0 1 0.00659704208374 engnx03a.utdallas.edu 1732188449.63 1732188449.63 1}
replayTaskStats D_Flip-Flop configure {0.02 0.0 0.0 0.0 1 0.0271339416504 engnx03a.utdallas.edu 1732188663.18 1732188663.21 1}
replayTaskStats D_Flip-Flop configure {0.03 0.0 0.0 0.0 1 0.0359439849854 engnx03a.utdallas.edu 1732188856.71 1732188856.75 1}
replayTaskStats D_Flip-Flop configure {0.03 0.0 0.0 0.0 1 0.0261268615723 engnx03a.utdallas.edu 1732220742.26 1732220742.29 1}
replayTaskStats D_Flip-Flop configure {0.02 0.0 0.0 0.0 1 0.0273151397705 engnx03a.utdallas.edu 1732395820.73 1732395820.76 1}
replayTaskStats D_Flip-Flop configure {0.01 0.0 0.0 0.0 1 0.00730204582214 engnx03a.utdallas.edu 1732396064.5 1732396064.5 1}
replayTaskStats D_Flip-Flop configure {0.03 0.01 0.0 0.0 1 0.0409438610077 engnx03a.utdallas.edu 1732396373.19 1732396373.23 1}
replayTaskStats Flip_Flop configure {0.27 0.03 0.02 0.02 1 0.420042037964 engnx03a.utdallas.edu 1732396735.48 1732396735.9 1}
replayTaskStats Flip_Flop initialization__ACQ_7 {0.1 0.01 6.06 0.76 1 6.9721300602 engnx03a.utdallas.edu 1732396749.81 1732396756.78 1 0.0786309242249 6.88990306854 0.0044150352478 0.00470995903015 0.0019838809967 6.77141094208 0.0 0.0 0.0 0.0 0.0 0.0 0.0 0.0}
replayTaskStats Flip_Flop initialization__ACQ_6 {0.04 0.01 5.98 0.73 1 6.71660518646 engnx03a.utdallas.edu 1732396756.78 1732396763.5 1 0.0293209552765 6.68479299545 0.00411820411682 0.00414514541626 0.00155997276306 6.66025018692 0.0 0.0 0.0 0.0 0.0 0.0 0.0 0.0}
replayTaskStats Flip_Flop initialization__ACQ_4 {0.04 0.0 6.17 0.73 1 6.88346099854 engnx03a.utdallas.edu 1732396763.5 1732396770.38 1 0.0266020298004 6.8543510437 0.00373911857605 0.00398898124695 0.00150799751282 6.83373594284 0.0 0.0 0.0 0.0 0.0 0.0 0.0 0.0}
replayTaskStats Flip_Flop initialization__ACQ_5 {0.06 0.01 6.33 0.72 1 7.06071996689 engnx03a.utdallas.edu 1732396770.38 1732396777.44 1 0.046079158783 7.01212596893 0.00395512580872 0.00391888618469 0.00151801109314 6.99008107185 0.0 0.0 0.0 0.0 0.0 0.0 0.0 0.0}
replayTaskStats Flip_Flop removal_hbm__R__hl__CLK__hl__ACQ_1 {0.06 0.01 9.97 0.89 1 10.8839521408 engnx03a.utdallas.edu 1732396777.44 1732396788.33 1 0.0462639331818 10.8350582123 0.00246691703796 0.00491309165955 0.0019679069519 10.8073728085 0.0 0.0 0.0 0.0 0.0 0.0 0.0 0.0}
replayTaskStats Flip_Flop recover_hbm__R__hl__CLK__hl__ACQ_1 {0.06 0.01 10.13 0.83 1 10.9770209789 engnx03a.utdallas.edu 1732396788.33 1732396799.3 1 0.042181968689 10.9322538376 0.00200796127319 0.00455212593079 0.00193095207214 10.9058458805 0.0 0.0 0.0 0.0 0.0 0.0 0.0 0.0}
replayTaskStats Flip_Flop initialization__ACQ_1 {0.04 0.0 6.06 0.69 1 6.7851331234 engnx03a.utdallas.edu 1732396799.3 1732396806.09 1 0.0314497947693 6.75118303299 0.00391602516174 0.00437188148499 0.00172209739685 6.72859287262 0.0 0.0 0.0 0.0 0.0 0.0 0.0 0.0}
replayTaskStats Flip_Flop initialization__ACQ_2 {0.05 0.01 6.12 0.73 1 7.00729799271 engnx03a.utdallas.edu 1732396806.09 1732396813.1 1 0.0296449661255 6.97514200211 0.00398516654968 0.00465106964111 0.00156998634338 6.95315384865 0.0 0.0 0.0 0.0 0.0 0.0 0.0 0.0}
replayTaskStats Flip_Flop initialization__ACQ_3 {0.04 0.01 5.99 0.78 1 6.77218103409 engnx03a.utdallas.edu 1732396813.1 1732396819.87 1 0.0282771587372 6.7413380146 0.00429701805115 0.00426816940308 0.00157499313354 6.71932196617 0.0 0.0 0.0 0.0 0.0 0.0 0.0 0.0}
replayTaskStats Flip_Flop setup_hbm__D__lh__CLK__hl__ACQ_1 {0.06 0.0 10.61 0.82 1 11.4614429474 engnx03a.utdallas.edu 1732396819.87 1732396831.33 1 0.042083978653 11.4168391228 0.00203514099121 0.00460600852966 0.00223803520203 11.3894531727 0.0 0.0 0.0 0.0 0.0 0.0 0.0 0.0}
replayTaskStats Flip_Flop setup_hbm__D__hl__CLK__hl__ACQ_1 {0.06 0.01 10.33 0.83 1 11.1637728214 engnx03a.utdallas.edu 1732396831.33 1732396842.5 1 0.0413289070129 11.1199100018 0.00186681747437 0.00456881523132 0.00194692611694 11.0939691067 0.0 0.0 0.0 0.0 0.0 0.0 0.0 0.0}
replayTaskStats Flip_Flop ncmpw_hbm__CLK__lh__CLK__hl__ACQ_1 {0.05 0.01 6.78 0.68 1 7.46363902092 engnx03a.utdallas.edu 1732396842.5 1732396849.96 1 0.0358409881592 7.42509889603 0.00221800804138 0.00436401367188 0.00150609016418 7.40164804459 0.0 0.0 0.0 0.0 0.0 0.0 0.0 0.0}
replayTaskStats Flip_Flop cmpw_hbm__CLK__hl__CLK__lh__ACQ_1 {0.06 0.0 6.49 0.69 1 7.19588685036 engnx03a.utdallas.edu 1732396849.96 1732396857.16 1 0.0348930358887 7.15850114822 0.00197005271912 0.00454115867615 0.0014820098877 7.13283085823 0.0 0.0 0.0 0.0 0.0 0.0 0.0 0.0}
replayTaskStats Flip_Flop hold_hbm__D__hl__CLK__hl__ACQ_1 {0.06 0.01 9.85 0.75 1 10.601790905 engnx03a.utdallas.edu 1732396857.16 1732396867.76 1 0.0412328243256 10.5579240322 0.00323009490967 0.00472688674927 0.00189709663391 10.5306060314 0.0 0.0 0.0 0.0 0.0 0.0 0.0 0.0}
replayTaskStats Flip_Flop cmpw_hbm__R__lh__R__hl__ACQ_1 {0.05 0.01 6.51 0.7 1 7.22673511505 engnx03a.utdallas.edu 1732396867.76 1732396874.99 1 0.0374557971954 7.18666195869 0.00213003158569 0.00406503677368 0.00142312049866 7.16330695152 0.0 0.0 0.0 0.0 0.0 0.0 0.0 0.0}
replayTaskStats Flip_Flop hold_hbm__D__lh__CLK__hl__ACQ_1 {0.06 0.0 10.07 0.76 1 10.8376469612 engnx03a.utdallas.edu 1732396874.99 1732396885.83 1 0.0426480770111 10.7925109863 0.00234603881836 0.00454306602478 0.00183510780334 10.7659828663 0.0 0.0 0.0 0.0 0.0 0.0 0.0 0.0}
replayTaskStats Flip_Flop delay__CLK__hl__Q__lh__ACQ_1 {0.06 0.01 6.65 0.68 1 7.33659505844 engnx03a.utdallas.edu 1732396885.83 1732396893.16 1 0.0385088920593 7.2955930233 0.00191903114319 0.00598907470703 0.000669956207275 7.27045106888 0.0 0.0 0.0 0.0 0.0 0.0 0.0 0.0}
replayTaskStats Flip_Flop delay__CLK__hl__Q__hl__ACQ_1 {0.07 0.0 6.83 0.72 1 7.55448889732 engnx03a.utdallas.edu 1732396900.53 1732396908.08 1 0.0383331775665 7.5135948658 0.00260901451111 0.00540995597839 0.00088906288147 7.48498606682 0.0 0.0 0.0 0.0 0.0 0.0 0.0 0.0}
replayTaskStats Flip_Flop delay__R__lh__Q__hl__ACQ_1 {0.06 0.01 6.66 0.69 1 7.36314487457 engnx03a.utdallas.edu 1732396893.16 1732396900.53 1 0.0400869846344 7.32057499886 0.00195121765137 0.00561904907227 0.000692844390869 7.2956609726 0.0 0.0 0.0 0.0 0.0 0.0 0.0 0.0}
replayTaskStats Flip_Flop leakage_power__ACQ_1 {0.5 0.06 65.77 7.29 1 73.1848490238 engnx03a.utdallas.edu 1732396908.08 1732396981.27 1 0.0282499790192 7.66214394569 0.00217008590698 0.00566601753235 0.00173711776733 72.6007900238 0.0 0.0 0.0 0.0 0.0 0.0 0.0 0.0}
replayTaskStats Flip_Flop leakage_power__ACQ_1 {0.5 0.06 65.77 7.29 1 73.1853399277 engnx03a.utdallas.edu 1732396908.08 1732396981.27 1 0.0282499790192 7.66214394569 0.00217008590698 0.00566601753235 0.00173711776733 72.6007900238 0.0 0.0 0.0 0.0 0.0 0.0 0.0 0.0}
replayTaskStats Flip_Flop leakage_power__ACQ_1 {0.51 0.06 65.77 7.29 1 73.1858258247 engnx03a.utdallas.edu 1732396908.08 1732396981.27 1 0.0282499790192 7.66214394569 0.00217008590698 0.00566601753235 0.00173711776733 72.6007900238 0.0 0.0 0.0 0.0 0.0 0.0 0.0 0.0}
replayTaskStats Flip_Flop leakage_power__ACQ_1 {0.51 0.06 65.77 7.29 1 73.1862938404 engnx03a.utdallas.edu 1732396908.08 1732396981.27 1 0.0282499790192 7.66214394569 0.00217008590698 0.00566601753235 0.00173711776733 72.6007900238 0.0 0.0 0.0 0.0 0.0 0.0 0.0 0.0}
replayTaskStats Flip_Flop leakage_power__ACQ_1 {0.51 0.06 65.77 7.29 1 73.1867659092 engnx03a.utdallas.edu 1732396908.08 1732396981.27 1 0.0282499790192 7.66214394569 0.00217008590698 0.00566601753235 0.00173711776733 72.6007900238 0.0 0.0 0.0 0.0 0.0 0.0 0.0 0.0}
replayTaskStats Flip_Flop leakage_power__ACQ_1 {0.51 0.06 65.77 7.29 1 73.1872320175 engnx03a.utdallas.edu 1732396908.08 1732396981.27 1 0.0282499790192 7.66214394569 0.00217008590698 0.00566601753235 0.00173711776733 72.6007900238 0.0 0.0 0.0 0.0 0.0 0.0 0.0 0.0}
replayTaskStats Flip_Flop leakage_power__ACQ_1 {0.51 0.06 65.77 7.29 1 73.1877198219 engnx03a.utdallas.edu 1732396908.08 1732396981.27 1 0.0282499790192 7.66214394569 0.00217008590698 0.00566601753235 0.00173711776733 72.6007900238 0.0 0.0 0.0 0.0 0.0 0.0 0.0 0.0}
replayTaskStats Flip_Flop leakage_power__ACQ_1 {0.51 0.06 65.77 7.29 1 73.1881868839 engnx03a.utdallas.edu 1732396908.08 1732396981.27 1 0.0282499790192 7.66214394569 0.00217008590698 0.00566601753235 0.00173711776733 72.6007900238 0.0 0.0 0.0 0.0 0.0 0.0 0.0 0.0}
replayTaskStats Flip_Flop leakage_power__ACQ_1 {0.51 0.06 65.77 7.29 1 73.1886620522 engnx03a.utdallas.edu 1732396908.08 1732396981.27 1 0.0282499790192 7.66214394569 0.00217008590698 0.00566601753235 0.00173711776733 72.6007900238 0.0 0.0 0.0 0.0 0.0 0.0 0.0 0.0}
replayTaskStats Flip_Flop leakage_power__ACQ_1 {0.51 0.06 65.77 7.29 1 73.1891229153 engnx03a.utdallas.edu 1732396908.08 1732396981.27 1 0.0282499790192 7.66214394569 0.00217008590698 0.00566601753235 0.00173711776733 72.6007900238 0.0 0.0 0.0 0.0 0.0 0.0 0.0 0.0}
replayTaskStats Flip_Flop Cin__D__hl__ACQ_1 {0.05 0.01 6.25 0.77 1 7.04445099831 engnx03a.utdallas.edu 1732396981.27 1732396988.32 1 0.0372447967529 7.00474405289 0.00222420692444 0.00432109832764 0.00068211555481 6.98548197746 0.0 0.0 0.0 0.0 0.0 0.0 0.0 0.0}
replayTaskStats Flip_Flop Cin__D__lh__ACQ_1 {0.05 0.0 6.15 0.76 1 6.92774701118 engnx03a.utdallas.edu 1732396988.32 1732396995.25 1 0.0315361022949 6.89372205734 0.00199484825134 0.0285110473633 0.000677108764648 6.85102295876 0.0 0.0 0.0 0.0 0.0 0.0 0.0 0.0}
replayTaskStats Flip_Flop Cin__VSS__hl__ACQ_1 {0.04 0.01 6.28 0.74 1 7.1164689064 engnx03a.utdallas.edu 1732396995.25 1732397002.36 1 0.0329439640045 7.08098077774 0.00213098526001 0.00442695617676 0.000674962997437 7.06192302704 0.0 0.0 0.0 0.0 0.0 0.0 0.0 0.0}
replayTaskStats Flip_Flop Cin__VSS__lh__ACQ_1 {0.05 0.0 6.27 0.72 1 7.10240697861 engnx03a.utdallas.edu 1732397002.36 1732397009.47 1 0.0338878631592 7.06591796875 0.00204205513 0.00457096099854 0.000669002532959 7.04591107368 0.0 0.0 0.0 0.0 0.0 0.0 0.0 0.0}
replayTaskStats Flip_Flop Cin__CLK__lh__ACQ_1 {0.05 0.01 6.43 0.7 1 7.15338897705 engnx03a.utdallas.edu 1732397009.47 1732397016.62 1 0.0326011180878 7.11827206612 0.00212907791138 0.03475689888 0.000679016113281 7.06865811348 0.0 0.0 0.0 0.0 0.0 0.0 0.0 0.0}
replayTaskStats Flip_Flop Cin__VDD__hl__ACQ_1 {0.05 0.0 6.23 0.76 1 7.00234794617 engnx03a.utdallas.edu 1732397016.62 1732397023.62 1 0.0325479507446 6.96730899811 0.00211787223816 0.00436902046204 0.000645875930786 6.94870996475 0.0 0.0 0.0 0.0 0.0 0.0 0.0 0.0}
replayTaskStats Flip_Flop Cin__VDD__lh__ACQ_1 {0.04 0.01 6.13 0.7 1 6.82279491425 engnx03a.utdallas.edu 1732397023.62 1732397030.45 1 0.0314159393311 6.78880906105 0.0022509098053 0.00431394577026 0.000697135925293 6.77005696297 0.0 0.0 0.0 0.0 0.0 0.0 0.0 0.0}
replayTaskStats Flip_Flop Cin__R__hl__ACQ_1 {0.05 0.01 5.79 0.66 1 6.44952392578 engnx03a.utdallas.edu 1732397030.45 1732397036.9 1 0.0341360569 6.4128279686 0.00210213661194 0.00407290458679 0.000705003738403 6.39431381226 0.0 0.0 0.0 0.0 0.0 0.0 0.0 0.0}
replayTaskStats Flip_Flop modeling {0.24 0.02 0.0 0.0 1 0.350342035294 engnx03a.utdallas.edu 1732397078.78 1732397079.13 1}
