replayTaskStats NAND4 configure {0.17 0.02 0.0 0.0 1 0.227993011475 engnx03a.utdallas.edu 1732839338.03 1732839338.26 1}
replayTaskStats NAND4 configure {0.15 0.01 0.0 0.0 1 0.226647853851 engnx03a.utdallas.edu 1732839531.75 1732839531.98 1}
replayTaskStats NAND4 delay__A__hl__OUT__lh__ACQ_1 {0.11 0.01 6.1 0.73 1 6.98443698883 engnx03a.utdallas.edu 1732839542.01 1732839549.0 1 0.0859620571136 6.89522004128 0.00213313102722 0.00589799880981 0.000829935073853 6.77766895294 0.0 0.0 0.0 0.0 0.0 0.0 0.0 0.0}
replayTaskStats NAND4 delay__A__lh__OUT__hl__ACQ_1 {0.07 0.0 5.83 0.62 1 6.46947193146 engnx03a.utdallas.edu 1732839549.0 1732839555.47 1 0.0400769710541 6.42695307732 0.0025041103363 0.0053391456604 0.000972986221313 6.40212416649 0.0 0.0 0.0 0.0 0.0 0.0 0.0 0.0}
replayTaskStats NAND4 delay__B__hl__OUT__lh__ACQ_1 {0.07 0.01 5.79 0.64 1 6.45051312447 engnx03a.utdallas.edu 1732839555.47 1732839561.92 1 0.056126832962 6.39191794395 0.00205397605896 0.00561809539795 0.000641107559204 6.36709403992 0.0 0.0 0.0 0.0 0.0 0.0 0.0 0.0}
replayTaskStats NAND4 delay__B__lh__OUT__hl__ACQ_1 {0.06 0.0 6.05 0.67 1 6.72842693329 engnx03a.utdallas.edu 1732839561.92 1732839568.65 1 0.0389158725739 6.68705511093 0.00203108787537 0.00581407546997 0.000637054443359 6.6629948616 0.0 0.0 0.0 0.0 0.0 0.0 0.0 0.0}
replayTaskStats NAND4 delay__C__hl__OUT__lh__ACQ_1 {0.07 0.01 5.94 0.64 1 6.59473896027 engnx03a.utdallas.edu 1732839568.65 1732839575.24 1 0.0468740463257 6.54543614388 0.00217700004578 0.00578999519348 0.000686883926392 6.52009701729 0.0 0.0 0.0 0.0 0.0 0.0 0.0 0.0}
replayTaskStats NAND4 delay__C__lh__OUT__hl__ACQ_1 {0.05 0.0 6.09 0.63 1 6.74052095413 engnx03a.utdallas.edu 1732839575.24 1732839581.98 1 0.0389561653137 6.69910407066 0.00214099884033 0.00612902641296 0.000648021697998 6.67449998856 0.0 0.0 0.0 0.0 0.0 0.0 0.0 0.0}
replayTaskStats NAND4 delay__D__hl__OUT__lh__ACQ_1 {0.06 0.01 5.93 0.67 1 6.60250902176 engnx03a.utdallas.edu 1732839581.98 1732839588.59 1 0.0405480861664 6.55949497223 0.00196599960327 0.00529599189758 0.000633955001831 6.53572487831 0.0 0.0 0.0 0.0 0.0 0.0 0.0 0.0}
replayTaskStats NAND4 delay__D__lh__OUT__hl__ACQ_1 {0.06 0.0 5.97 0.68 1 6.66417884827 engnx03a.utdallas.edu 1732839588.59 1732839595.25 1 0.0397608280182 6.6219689846 0.00205898284912 0.0055980682373 0.000627994537354 6.59809613228 0.0 0.0 0.0 0.0 0.0 0.0 0.0 0.0}
replayTaskStats NAND4 leakage_power__ACQ_1 {0.04 0.01 5.97 0.69 1 6.66472601891 engnx03a.utdallas.edu 1732839595.25 1732839601.92 1 0.0304591655731 6.63165187836 0.0020968914032 0.00401592254639 0.00223994255066 6.61221194267 0.0 0.0 0.0 0.0 0.0 0.0 0.0 0.0}
replayTaskStats NAND4 Cin__VSS__hl__ACQ_1 {0.05 0.01 5.96 0.7 1 6.66459703445 engnx03a.utdallas.edu 1732839601.92 1732839608.58 1 0.0371959209442 6.62497901917 0.00231504440308 0.0042610168457 0.000669002532959 6.60651397705 0.0 0.0 0.0 0.0 0.0 0.0 0.0 0.0}
replayTaskStats NAND4 Cin__VSS__lh__ACQ_1 {0.05 0.0 5.7 0.66 1 6.36283516884 engnx03a.utdallas.edu 1732839608.58 1732839614.95 1 0.0332679748535 6.32712197304 0.00217008590698 0.00436305999756 0.000639915466309 6.30885219574 0.0 0.0 0.0 0.0 0.0 0.0 0.0 0.0}
replayTaskStats NAND4 Cin__VDD__hl__ACQ_1 {0.05 0.01 5.72 0.69 1 6.39797616005 engnx03a.utdallas.edu 1732839614.95 1732839621.34 1 0.0343720912933 6.36113905907 0.0019998550415 0.00410795211792 0.000638008117676 6.34320092201 0.0 0.0 0.0 0.0 0.0 0.0 0.0 0.0}
replayTaskStats NAND4 Cin__VDD__lh__ACQ_1 {0.04 0.0 5.8 0.64 1 6.43402695656 engnx03a.utdallas.edu 1732839621.34 1732839627.78 1 0.0324728488922 6.39906597137 0.00196886062622 0.00433301925659 0.000633955001831 6.38103699684 0.0 0.0 0.0 0.0 0.0 0.0 0.0 0.0}
replayTaskStats NAND4 modeling {0.26 0.02 0.0 0.0 1 0.294192075729 engnx03a.utdallas.edu 1732839661.58 1732839661.87 1}
