replayTaskStats XOR2 configure {0.17 0.0 0.0 0.0 1 0.238929033279 engnx01a.utdallas.edu 1731213052.66 1731213052.9 1}
replayTaskStats XOR2 configure {0.15 0.0 0.0 0.0 1 0.202661037445 engnx01a.utdallas.edu 1731213128.7 1731213128.9 1}
replayTaskStats XOR2 delay__VA__hl__OUT__hl__ACQ_1 {0.12 0.01 6.36 0.72 1 7.31235384941 engnx01a.utdallas.edu 1731213145.37 1731213152.69 1 0.107621908188 7.20129513741 0.00222396850586 0.0351650714874 0.000962018966675 7.04542899132 0.0 0.0 0.0 0.0 0.0 0.0 0.0 0.0}
replayTaskStats XOR2 delay__VA__hl__OUT__lh__ACQ_1 {0.05 0.01 6.12 0.65 1 6.84944701195 engnx01a.utdallas.edu 1731213152.69 1731213159.54 1 0.0558378696442 6.79108500481 0.00194120407104 0.0442979335785 0.000723123550415 6.72784590721 0.0 0.0 0.0 0.0 0.0 0.0 0.0 0.0}
replayTaskStats XOR2 delay__VA__lh__OUT__hl__ACQ_1 {0.06 0.01 6.02 0.69 1 6.75936293602 engnx01a.utdallas.edu 1731213159.54 1731213166.3 1 0.0562808513641 6.70037698746 0.002032995224 0.00571990013123 0.000647783279419 6.67338204384 0.0 0.0 0.0 0.0 0.0 0.0 0.0 0.0}
replayTaskStats XOR2 delay__VA__lh__OUT__lh__ACQ_1 {0.05 0.0 6.13 0.68 1 6.84639811516 engnx01a.utdallas.edu 1731213166.3 1731213173.14 1 0.0670988559723 6.7767469883 0.00195693969727 0.00581192970276 0.000649929046631 6.75232195854 0.0 0.0 0.0 0.0 0.0 0.0 0.0 0.0}
replayTaskStats XOR2 delay__VB__hl__OUT__hl__ACQ_1 {0.07 0.02 6.28 0.69 1 7.03148603439 engnx01a.utdallas.edu 1731213173.14 1731213180.17 1 0.0787551403046 6.94996404648 0.002760887146 0.0182890892029 0.000740051269531 6.91008687019 0.0 0.0 0.0 0.0 0.0 0.0 0.0 0.0}
replayTaskStats XOR2 delay__VB__hl__OUT__lh__ACQ_1 {0.06 0.01 6.13 0.69 1 6.90987491608 engnx01a.utdallas.edu 1731213180.18 1731213187.09 1 0.0588920116425 6.84829998016 0.00206899642944 0.0358819961548 0.000653028488159 6.79341006279 0.0 0.0 0.0 0.0 0.0 0.0 0.0 0.0}
replayTaskStats XOR2 delay__VB__lh__OUT__hl__ACQ_1 {0.06 0.0 6.17 0.7 1 6.96407008171 engnx01a.utdallas.edu 1731213187.09 1731213194.05 1 0.076865196228 6.88448596001 0.00194001197815 0.0306551456451 0.000687837600708 6.83407211304 0.0 0.0 0.0 0.0 0.0 0.0 0.0 0.0}
replayTaskStats XOR2 delay__VB__lh__OUT__lh__ACQ_1 {0.05 0.01 6.15 0.66 1 6.90626716614 engnx01a.utdallas.edu 1731213194.05 1731213200.96 1 0.0591351985931 6.84459495544 0.00192999839783 0.0316128730774 0.000685930252075 6.79351496696 0.0 0.0 0.0 0.0 0.0 0.0 0.0 0.0}
replayTaskStats XOR2 leakage_power__ACQ_1 {0.39 0.08 63.66 6.92 1 71.1762630939 engnx01a.utdallas.edu 1731213200.96 1731213272.13 1 0.0267679691315 7.69650411606 0.00193500518799 0.0518200397491 0.00180888175964 70.1891479492 0.0 0.0 0.0 0.0 0.0 0.0 0.0 0.0}
replayTaskStats XOR2 leakage_power__ACQ_1 {0.39 0.08 63.66 6.92 1 71.1767671108 engnx01a.utdallas.edu 1731213200.96 1731213272.13 1 0.0267679691315 7.69650411606 0.00193500518799 0.0518200397491 0.00180888175964 70.1891479492 0.0 0.0 0.0 0.0 0.0 0.0 0.0 0.0}
replayTaskStats XOR2 leakage_power__ACQ_1 {0.39 0.08 63.66 6.92 1 71.1772561073 engnx01a.utdallas.edu 1731213200.96 1731213272.13 1 0.0267679691315 7.69650411606 0.00193500518799 0.0518200397491 0.00180888175964 70.1891479492 0.0 0.0 0.0 0.0 0.0 0.0 0.0 0.0}
replayTaskStats XOR2 leakage_power__ACQ_1 {0.39 0.08 63.66 6.92 1 71.1777319908 engnx01a.utdallas.edu 1731213200.96 1731213272.13 1 0.0267679691315 7.69650411606 0.00193500518799 0.0518200397491 0.00180888175964 70.1891479492 0.0 0.0 0.0 0.0 0.0 0.0 0.0 0.0}
replayTaskStats XOR2 leakage_power__ACQ_1 {0.39 0.08 63.66 6.92 1 71.1782062054 engnx01a.utdallas.edu 1731213200.96 1731213272.14 1 0.0267679691315 7.69650411606 0.00193500518799 0.0518200397491 0.00180888175964 70.1891479492 0.0 0.0 0.0 0.0 0.0 0.0 0.0 0.0}
replayTaskStats XOR2 leakage_power__ACQ_1 {0.39 0.08 63.66 6.92 1 71.1786980629 engnx01a.utdallas.edu 1731213200.96 1731213272.14 1 0.0267679691315 7.69650411606 0.00193500518799 0.0518200397491 0.00180888175964 70.1891479492 0.0 0.0 0.0 0.0 0.0 0.0 0.0 0.0}
replayTaskStats XOR2 leakage_power__ACQ_1 {0.39 0.08 63.66 6.92 1 71.1791870594 engnx01a.utdallas.edu 1731213200.96 1731213272.14 1 0.0267679691315 7.69650411606 0.00193500518799 0.0518200397491 0.00180888175964 70.1891479492 0.0 0.0 0.0 0.0 0.0 0.0 0.0 0.0}
replayTaskStats XOR2 leakage_power__ACQ_1 {0.39 0.08 63.66 6.92 1 71.1796691418 engnx01a.utdallas.edu 1731213200.96 1731213272.14 1 0.0267679691315 7.69650411606 0.00193500518799 0.0518200397491 0.00180888175964 70.1891479492 0.0 0.0 0.0 0.0 0.0 0.0 0.0 0.0}
replayTaskStats XOR2 leakage_power__ACQ_1 {0.39 0.08 63.66 6.92 1 71.1801631451 engnx01a.utdallas.edu 1731213200.96 1731213272.14 1 0.0267679691315 7.69650411606 0.00193500518799 0.0518200397491 0.00180888175964 70.1891479492 0.0 0.0 0.0 0.0 0.0 0.0 0.0 0.0}
replayTaskStats XOR2 leakage_power__ACQ_1 {0.39 0.08 63.66 6.92 1 71.1806302071 engnx01a.utdallas.edu 1731213200.96 1731213272.14 1 0.0267679691315 7.69650411606 0.00193500518799 0.0518200397491 0.00180888175964 70.1891479492 0.0 0.0 0.0 0.0 0.0 0.0 0.0 0.0}
replayTaskStats XOR2 Cin__VSS__hl__ACQ_1 {0.05 0.0 5.98 0.71 1 6.73110294342 engnx01a.utdallas.edu 1731213272.14 1731213278.87 1 0.05619597435 6.67210507393 0.00195097923279 0.00405502319336 0.000695943832397 6.65313601494 0.0 0.0 0.0 0.0 0.0 0.0 0.0 0.0}
replayTaskStats XOR2 Cin__VSS__lh__ACQ_1 {0.04 0.01 5.86 0.68 1 6.59610009193 engnx01a.utdallas.edu 1731213278.87 1731213285.47 1 0.0648331642151 6.52856993675 0.00224781036377 0.023307800293 0.000893831253052 6.49006485939 0.0 0.0 0.0 0.0 0.0 0.0 0.0 0.0}
replayTaskStats XOR2 Cin__VDD__hl__ACQ_1 {0.05 0.01 5.94 0.7 1 6.70582389832 engnx01a.utdallas.edu 1731213285.47 1731213292.17 1 0.0550880432129 6.64814901352 0.0021059513092 0.0434889793396 0.000709056854248 6.5888979435 0.0 0.0 0.0 0.0 0.0 0.0 0.0 0.0}
replayTaskStats XOR2 Cin__VDD__lh__ACQ_1 {0.04 0.0 5.8 0.69 1 6.5571141243 engnx01a.utdallas.edu 1731213292.17 1731213298.73 1 0.0847978591919 6.46980381012 0.00209498405457 0.00432920455933 0.000654935836792 6.45131492615 0.0 0.0 0.0 0.0 0.0 0.0 0.0 0.0}
replayTaskStats XOR2 modeling {0.19 0.0 0.0 0.0 1 0.394507169724 engnx01a.utdallas.edu 1731213330.02 1731213330.41 1}
