replayTaskStats XOR2 configure {0.17 0.01 0.0 0.0 1 0.213364839554 engnx03a.utdallas.edu 1732842874.13 1732842874.34 1}
replayTaskStats XOR2 delay__A__hl__OUT__hl__ACQ_1 {0.11 0.01 6.3 0.7 1 7.15489292145 engnx03a.utdallas.edu 1732842881.76 1732842888.91 1 0.0793869495392 7.07214784622 0.00238108634949 0.0060179233551 0.000825881958008 6.95628905296 0.0 0.0 0.0 0.0 0.0 0.0 0.0 0.0}
replayTaskStats XOR2 delay__A__hl__OUT__lh__ACQ_1 {0.05 0.01 5.91 0.66 1 6.57328701019 engnx03a.utdallas.edu 1732842888.91 1732842895.49 1 0.0341649055481 6.5367000103 0.00181889533997 0.00572896003723 0.000642061233521 6.51308512688 0.0 0.0 0.0 0.0 0.0 0.0 0.0 0.0}
replayTaskStats XOR2 delay__A__lh__OUT__hl__ACQ_1 {0.06 0.0 6.09 0.66 1 6.76516485214 engnx03a.utdallas.edu 1732842895.49 1732842902.25 1 0.0337750911713 6.72889685631 0.00187587738037 0.00550508499146 0.000636100769043 6.70561289787 0.0 0.0 0.0 0.0 0.0 0.0 0.0 0.0}
replayTaskStats XOR2 delay__A__lh__OUT__lh__ACQ_1 {0.05 0.01 6.22 0.67 1 6.88735890388 engnx03a.utdallas.edu 1732842902.25 1732842909.14 1 0.0332479476929 6.85164904594 0.00189805030823 0.00537490844727 0.000655889511108 6.82832813263 0.0 0.0 0.0 0.0 0.0 0.0 0.0 0.0}
replayTaskStats XOR2 delay__B__hl__OUT__hl__ACQ_1 {0.07 0.01 6.04 0.67 1 6.74105596542 engnx03a.utdallas.edu 1732842909.14 1732842915.88 1 0.0547709465027 6.68346309662 0.00253105163574 0.00652408599854 0.000849962234497 6.65504789352 0.0 0.0 0.0 0.0 0.0 0.0 0.0 0.0}
replayTaskStats XOR2 delay__B__hl__OUT__lh__ACQ_1 {0.06 0.01 5.88 0.66 1 6.5569601059 engnx03a.utdallas.edu 1732842915.88 1732842922.44 1 0.038242816925 6.51605510712 0.00193285942078 0.00542497634888 0.00068998336792 6.49161100388 0.0 0.0 0.0 0.0 0.0 0.0 0.0 0.0}
replayTaskStats XOR2 delay__B__lh__OUT__hl__ACQ_1 {0.05 0.01 5.88 0.67 1 6.55606198311 engnx03a.utdallas.edu 1732842922.44 1732842929.0 1 0.0356349945068 6.51788806915 0.00194692611694 0.00624394416809 0.000700950622559 6.49226784706 0.0 0.0 0.0 0.0 0.0 0.0 0.0 0.0}
replayTaskStats XOR2 delay__B__lh__OUT__lh__ACQ_1 {0.05 0.0 5.97 0.71 1 6.68190598488 engnx03a.utdallas.edu 1732842929.0 1732842935.68 1 0.0346570014954 6.64463806152 0.00197696685791 0.00653791427612 0.000705003738403 6.61907792091 0.0 0.0 0.0 0.0 0.0 0.0 0.0 0.0}
replayTaskStats XOR2 leakage_power__ACQ_1 {0.39 0.05 61.92 6.61 1 68.5053071976 engnx03a.utdallas.edu 1732842935.68 1732843004.18 1 0.0259110927582 7.27962112427 0.00199103355408 0.00539612770081 0.00159406661987 68.0481719971 0.0 0.0 0.0 0.0 0.0 0.0 0.0 0.0}
replayTaskStats XOR2 leakage_power__ACQ_1 {0.39 0.05 61.92 6.61 1 68.5057930946 engnx03a.utdallas.edu 1732842935.68 1732843004.18 1 0.0259110927582 7.27962112427 0.00199103355408 0.00539612770081 0.00159406661987 68.0481719971 0.0 0.0 0.0 0.0 0.0 0.0 0.0 0.0}
replayTaskStats XOR2 leakage_power__ACQ_1 {0.39 0.05 61.92 6.61 1 68.5062611103 engnx03a.utdallas.edu 1732842935.68 1732843004.19 1 0.0259110927582 7.27962112427 0.00199103355408 0.00539612770081 0.00159406661987 68.0481719971 0.0 0.0 0.0 0.0 0.0 0.0 0.0 0.0}
replayTaskStats XOR2 leakage_power__ACQ_1 {0.39 0.05 61.92 6.61 1 68.5067310333 engnx03a.utdallas.edu 1732842935.68 1732843004.19 1 0.0259110927582 7.27962112427 0.00199103355408 0.00539612770081 0.00159406661987 68.0481719971 0.0 0.0 0.0 0.0 0.0 0.0 0.0 0.0}
replayTaskStats XOR2 leakage_power__ACQ_1 {0.39 0.05 61.92 6.61 1 68.5071949959 engnx03a.utdallas.edu 1732842935.68 1732843004.19 1 0.0259110927582 7.27962112427 0.00199103355408 0.00539612770081 0.00159406661987 68.0481719971 0.0 0.0 0.0 0.0 0.0 0.0 0.0 0.0}
replayTaskStats XOR2 leakage_power__ACQ_1 {0.39 0.05 61.92 6.61 1 68.5076601505 engnx03a.utdallas.edu 1732842935.68 1732843004.19 1 0.0259110927582 7.27962112427 0.00199103355408 0.00539612770081 0.00159406661987 68.0481719971 0.0 0.0 0.0 0.0 0.0 0.0 0.0 0.0}
replayTaskStats XOR2 leakage_power__ACQ_1 {0.39 0.05 61.92 6.61 1 68.5081260204 engnx03a.utdallas.edu 1732842935.68 1732843004.19 1 0.0259110927582 7.27962112427 0.00199103355408 0.00539612770081 0.00159406661987 68.0481719971 0.0 0.0 0.0 0.0 0.0 0.0 0.0 0.0}
replayTaskStats XOR2 leakage_power__ACQ_1 {0.39 0.05 61.92 6.61 1 68.5085830688 engnx03a.utdallas.edu 1732842935.68 1732843004.19 1 0.0259110927582 7.27962112427 0.00199103355408 0.00539612770081 0.00159406661987 68.0481719971 0.0 0.0 0.0 0.0 0.0 0.0 0.0 0.0}
replayTaskStats XOR2 leakage_power__ACQ_1 {0.39 0.05 61.92 6.61 1 68.5090451241 engnx03a.utdallas.edu 1732842935.68 1732843004.19 1 0.0259110927582 7.27962112427 0.00199103355408 0.00539612770081 0.00159406661987 68.0481719971 0.0 0.0 0.0 0.0 0.0 0.0 0.0 0.0}
replayTaskStats XOR2 leakage_power__ACQ_1 {0.39 0.05 61.92 6.61 1 68.5094971657 engnx03a.utdallas.edu 1732842935.68 1732843004.19 1 0.0259110927582 7.27962112427 0.00199103355408 0.00539612770081 0.00159406661987 68.0481719971 0.0 0.0 0.0 0.0 0.0 0.0 0.0 0.0}
replayTaskStats XOR2 Cin__VSS__hl__ACQ_1 {0.04 0.01 5.74 0.67 1 6.41236996651 engnx03a.utdallas.edu 1732843004.19 1732843010.6 1 0.0304849147797 6.37947702408 0.00208187103271 0.00457406044006 0.00068211555481 6.3607211113 0.0 0.0 0.0 0.0 0.0 0.0 0.0 0.0}
replayTaskStats XOR2 Cin__VSS__lh__ACQ_1 {0.05 0.01 5.76 0.65 1 6.39378595352 engnx03a.utdallas.edu 1732843010.6 1732843017.0 1 0.0300512313843 6.3612279892 0.00211715698242 0.00381708145142 0.000648021697998 6.34371900558 0.0 0.0 0.0 0.0 0.0 0.0 0.0 0.0}
replayTaskStats XOR2 Cin__VDD__hl__ACQ_1 {0.03 0.0 5.72 0.68 1 6.40509986877 engnx03a.utdallas.edu 1732843017.0 1732843023.4 1 0.0276319980621 6.37506699562 0.00213694572449 0.00414514541626 0.000614166259766 6.3574950695 0.0 0.0 0.0 0.0 0.0 0.0 0.0 0.0}
replayTaskStats XOR2 Cin__VDD__lh__ACQ_1 {0.04 0.01 5.82 0.65 1 6.46888494492 engnx03a.utdallas.edu 1732843023.4 1732843029.87 1 0.0288021564484 6.43756484985 0.00184679031372 0.00880098342896 0.000617027282715 6.4156358242 0.0 0.0 0.0 0.0 0.0 0.0 0.0 0.0}
replayTaskStats XOR2 modeling {0.21 0.01 0.0 0.0 1 0.242233991623 engnx03a.utdallas.edu 1732843058.56 1732843058.8 1}
