replayTaskStats AOI12 configure {0.13 0.01 0.0 0.0 1 0.162477970123 engnx03a.utdallas.edu 1732831135.38 1732831135.54 1}
replayTaskStats AOI12 delay__B__lh__OUT__hl__ACQ_1 {0.12 0.01 5.96 0.68 1 6.79717707634 engnx03a.utdallas.edu 1732831148.02 1732831154.81 1 0.0848782062531 6.70911598206 0.00216484069824 0.00630903244019 0.000875949859619 6.59075784683 0.0 0.0 0.0 0.0 0.0 0.0 0.0 0.0}
replayTaskStats AOI12 delay__B__hl__OUT__lh__ACQ_1 {0.06 0.01 5.96 0.67 1 6.64422988892 engnx03a.utdallas.edu 1732831154.81 1732831161.46 1 0.0381970405579 6.60350012779 0.00199103355408 0.00566387176514 0.000677108764648 6.57724714279 0.0 0.0 0.0 0.0 0.0 0.0 0.0 0.0}
replayTaskStats AOI12 delay__C__lh__OUT__hl__ACQ_1 {0.05 0.0 5.84 0.67 1 6.51084804535 engnx03a.utdallas.edu 1732831161.46 1732831167.97 1 0.0361471176147 6.47219085693 0.00191402435303 0.00563192367554 0.000638961791992 6.44794893265 0.0 0.0 0.0 0.0 0.0 0.0 0.0 0.0}
replayTaskStats AOI12 delay__C__hl__OUT__lh__ACQ_1 {0.08 0.01 5.88 0.66 1 6.56411910057 engnx03a.utdallas.edu 1732831167.97 1732831174.53 1 0.0539050102234 6.50773215294 0.00192093849182 0.00612592697144 0.000739812850952 6.48153686523 0.0 0.0 0.0 0.0 0.0 0.0 0.0 0.0}
replayTaskStats AOI12 delay__A__lh__OUT__hl__ACQ_1 {0.05 0.02 5.8 0.64 1 6.45823502541 engnx03a.utdallas.edu 1732831174.53 1732831180.99 1 0.0505609512329 6.40512418747 0.00216698646545 0.00560784339905 0.000715970993042 6.37956285477 0.0 0.0 0.0 0.0 0.0 0.0 0.0 0.0}
replayTaskStats AOI12 delay__A__hl__OUT__lh__ACQ_1 {0.06 0.01 5.74 0.62 1 6.37854599953 engnx03a.utdallas.edu 1732831180.99 1732831187.37 1 0.0379059314728 6.33809304237 0.00180315971375 0.00574088096619 0.000629901885986 6.31442713737 0.0 0.0 0.0 0.0 0.0 0.0 0.0 0.0}
replayTaskStats AOI12 leakage_power__ACQ_1 {0.41 0.06 62.59 6.45 1 69.00928092 engnx03a.utdallas.edu 1732831187.37 1732831256.38 1 0.0285201072693 7.39099192619 0.00200605392456 0.0054018497467 0.00183415412903 68.5160386562 0.0 0.0 0.0 0.0 0.0 0.0 0.0 0.0}
replayTaskStats AOI12 leakage_power__ACQ_1 {0.41 0.06 62.59 6.45 1 69.0097520351 engnx03a.utdallas.edu 1732831187.37 1732831256.38 1 0.0285201072693 7.39099192619 0.00200605392456 0.0054018497467 0.00183415412903 68.5160386562 0.0 0.0 0.0 0.0 0.0 0.0 0.0 0.0}
replayTaskStats AOI12 leakage_power__ACQ_1 {0.41 0.06 62.59 6.45 1 69.0102488995 engnx03a.utdallas.edu 1732831187.37 1732831256.38 1 0.0285201072693 7.39099192619 0.00200605392456 0.0054018497467 0.00183415412903 68.5160386562 0.0 0.0 0.0 0.0 0.0 0.0 0.0 0.0}
replayTaskStats AOI12 leakage_power__ACQ_1 {0.41 0.06 62.59 6.45 1 69.0107269287 engnx03a.utdallas.edu 1732831187.37 1732831256.38 1 0.0285201072693 7.39099192619 0.00200605392456 0.0054018497467 0.00183415412903 68.5160386562 0.0 0.0 0.0 0.0 0.0 0.0 0.0 0.0}
replayTaskStats AOI12 leakage_power__ACQ_1 {0.42 0.06 62.59 6.45 1 69.0111939907 engnx03a.utdallas.edu 1732831187.37 1732831256.38 1 0.0285201072693 7.39099192619 0.00200605392456 0.0054018497467 0.00183415412903 68.5160386562 0.0 0.0 0.0 0.0 0.0 0.0 0.0 0.0}
replayTaskStats AOI12 leakage_power__ACQ_1 {0.42 0.06 62.59 6.45 1 69.0116548538 engnx03a.utdallas.edu 1732831187.37 1732831256.38 1 0.0285201072693 7.39099192619 0.00200605392456 0.0054018497467 0.00183415412903 68.5160386562 0.0 0.0 0.0 0.0 0.0 0.0 0.0 0.0}
replayTaskStats AOI12 leakage_power__ACQ_1 {0.42 0.06 62.59 6.45 1 69.012130022 engnx03a.utdallas.edu 1732831187.37 1732831256.38 1 0.0285201072693 7.39099192619 0.00200605392456 0.0054018497467 0.00183415412903 68.5160386562 0.0 0.0 0.0 0.0 0.0 0.0 0.0 0.0}
replayTaskStats AOI12 leakage_power__ACQ_1 {0.42 0.06 62.59 6.45 1 69.0125849247 engnx03a.utdallas.edu 1732831187.37 1732831256.38 1 0.0285201072693 7.39099192619 0.00200605392456 0.0054018497467 0.00183415412903 68.5160386562 0.0 0.0 0.0 0.0 0.0 0.0 0.0 0.0}
replayTaskStats AOI12 leakage_power__ACQ_1 {0.42 0.06 62.59 6.45 1 69.0130448341 engnx03a.utdallas.edu 1732831187.37 1732831256.38 1 0.0285201072693 7.39099192619 0.00200605392456 0.0054018497467 0.00183415412903 68.5160386562 0.0 0.0 0.0 0.0 0.0 0.0 0.0 0.0}
replayTaskStats AOI12 leakage_power__ACQ_1 {0.42 0.06 62.59 6.45 1 69.0134968758 engnx03a.utdallas.edu 1732831187.37 1732831256.39 1 0.0285201072693 7.39099192619 0.00200605392456 0.0054018497467 0.00183415412903 68.5160386562 0.0 0.0 0.0 0.0 0.0 0.0 0.0 0.0}
replayTaskStats AOI12 Cin__VSS__lh__ACQ_1 {0.04 0.01 5.85 0.63 1 6.4855670929 engnx03a.utdallas.edu 1732831256.39 1732831262.87 1 0.0339920520782 6.44902610779 0.00189995765686 0.00438594818115 0.000703811645508 6.43031215668 0.0 0.0 0.0 0.0 0.0 0.0 0.0 0.0}
replayTaskStats AOI12 Cin__VSS__hl__ACQ_1 {0.05 0.01 5.69 0.64 1 6.32834100723 engnx03a.utdallas.edu 1732831262.87 1732831269.2 1 0.0326819419861 6.29311513901 0.00204706192017 0.00442099571228 0.000709056854248 6.27392101288 0.0 0.0 0.0 0.0 0.0 0.0 0.0 0.0}
replayTaskStats AOI12 Cin__VDD__lh__ACQ_1 {0.05 0.0 5.94 0.65 1 6.61049079895 engnx03a.utdallas.edu 1732831269.2 1732831275.81 1 0.0322749614716 6.57569503784 0.00200986862183 0.00388407707214 0.000665903091431 6.55764603615 0.0 0.0 0.0 0.0 0.0 0.0 0.0 0.0}
replayTaskStats AOI12 Cin__VDD__hl__ACQ_1 {0.04 0.01 5.75 0.66 1 6.41036081314 engnx03a.utdallas.edu 1732831275.81 1732831282.22 1 0.0305259227753 6.37724399567 0.00225710868835 0.00401282310486 0.000696897506714 6.3588950634 0.0 0.0 0.0 0.0 0.0 0.0 0.0 0.0}
replayTaskStats AOI12 modeling {0.18 0.01 0.0 0.0 1 0.204787015915 engnx03a.utdallas.edu 1732831314.18 1732831314.39 1}
