replayTaskStats INV configure {0.07 0.01 0.0 0.0 1 0.0990710258484 engnx03a.utdallas.edu 1731197663.16 1731197663.26 1}
replayTaskStats INV delay__IN__lh__OUT__hl__ACQ_1 {0.11 0.01 6.09 0.68 1 6.93401288986 engnx03a.utdallas.edu 1731197673.72 1731197680.65 1 0.0729198455811 6.85790991783 0.00224590301514 0.0062050819397 0.00084400177002 6.73763608932 0.0 0.0 0.0 0.0 0.0 0.0 0.0 0.0}
replayTaskStats INV delay__IN__hl__OUT__lh__ACQ_1 {0.05 0.01 6.05 0.69 1 6.74052190781 engnx03a.utdallas.edu 1731197680.65 1731197687.39 1 0.0310230255127 6.70679402351 0.00194907188416 0.00550603866577 0.000624179840088 6.68343305588 0.0 0.0 0.0 0.0 0.0 0.0 0.0 0.0}
replayTaskStats INV leakage_power__ACQ_1 {0.37 0.06 63.9 6.61 1 70.5495011806 engnx03a.utdallas.edu 1731197687.4 1731197757.94 1 0.0237739086151 7.69272184372 0.00223183631897 0.00713801383972 0.00218105316162 70.0843639374 0.0 0.0 0.0 0.0 0.0 0.0 0.0 0.0}
replayTaskStats INV leakage_power__ACQ_1 {0.37 0.06 63.9 6.61 1 70.5501680374 engnx03a.utdallas.edu 1731197687.4 1731197757.95 1 0.0237739086151 7.69272184372 0.00223183631897 0.00713801383972 0.00218105316162 70.0843639374 0.0 0.0 0.0 0.0 0.0 0.0 0.0 0.0}
replayTaskStats INV leakage_power__ACQ_1 {0.37 0.06 63.9 6.61 1 70.5506629944 engnx03a.utdallas.edu 1731197687.4 1731197757.95 1 0.0237739086151 7.69272184372 0.00223183631897 0.00713801383972 0.00218105316162 70.0843639374 0.0 0.0 0.0 0.0 0.0 0.0 0.0 0.0}
replayTaskStats INV leakage_power__ACQ_1 {0.38 0.06 63.9 6.61 1 70.5513260365 engnx03a.utdallas.edu 1731197687.4 1731197757.95 1 0.0237739086151 7.69272184372 0.00223183631897 0.00713801383972 0.00218105316162 70.0843639374 0.0 0.0 0.0 0.0 0.0 0.0 0.0 0.0}
replayTaskStats INV leakage_power__ACQ_1 {0.38 0.06 63.9 6.61 1 70.5518109798 engnx03a.utdallas.edu 1731197687.4 1731197757.95 1 0.0237739086151 7.69272184372 0.00223183631897 0.00713801383972 0.00218105316162 70.0843639374 0.0 0.0 0.0 0.0 0.0 0.0 0.0 0.0}
replayTaskStats INV leakage_power__ACQ_1 {0.38 0.06 63.9 6.61 1 70.5523591042 engnx03a.utdallas.edu 1731197687.4 1731197757.95 1 0.0237739086151 7.69272184372 0.00223183631897 0.00713801383972 0.00218105316162 70.0843639374 0.0 0.0 0.0 0.0 0.0 0.0 0.0 0.0}
replayTaskStats INV leakage_power__ACQ_1 {0.38 0.06 63.9 6.61 1 70.5538041592 engnx03a.utdallas.edu 1731197687.4 1731197757.95 1 0.0237739086151 7.69272184372 0.00223183631897 0.00713801383972 0.00218105316162 70.0843639374 0.0 0.0 0.0 0.0 0.0 0.0 0.0 0.0}
replayTaskStats INV leakage_power__ACQ_1 {0.38 0.06 63.9 6.61 1 70.5543441772 engnx03a.utdallas.edu 1731197687.4 1731197757.95 1 0.0237739086151 7.69272184372 0.00223183631897 0.00713801383972 0.00218105316162 70.0843639374 0.0 0.0 0.0 0.0 0.0 0.0 0.0 0.0}
replayTaskStats INV leakage_power__ACQ_1 {0.38 0.06 63.9 6.61 1 70.5548341274 engnx03a.utdallas.edu 1731197687.4 1731197757.95 1 0.0237739086151 7.69272184372 0.00223183631897 0.00713801383972 0.00218105316162 70.0843639374 0.0 0.0 0.0 0.0 0.0 0.0 0.0 0.0}
replayTaskStats INV leakage_power__ACQ_1 {0.38 0.06 63.9 6.61 1 70.555341959 engnx03a.utdallas.edu 1731197687.4 1731197757.95 1 0.0237739086151 7.69272184372 0.00223183631897 0.00713801383972 0.00218105316162 70.0843639374 0.0 0.0 0.0 0.0 0.0 0.0 0.0 0.0}
replayTaskStats INV Cin__VSS__lh__ACQ_1 {0.04 0.01 6.01 0.68 1 6.69125294685 engnx03a.utdallas.edu 1731197757.95 1731197764.64 1 0.0303928852081 6.65807819366 0.00202703475952 0.004478931427 0.000720024108887 6.63565087318 0.0 0.0 0.0 0.0 0.0 0.0 0.0 0.0}
replayTaskStats INV Cin__VSS__hl__ACQ_1 {0.05 0.0 6.01 0.67 1 6.68145990372 engnx03a.utdallas.edu 1731197764.64 1731197771.33 1 0.0279850959778 6.65044093132 0.0026478767395 0.00453209877014 0.00086498260498 6.62931704521 0.0 0.0 0.0 0.0 0.0 0.0 0.0 0.0}
replayTaskStats INV Cin__VDD__lh__ACQ_1 {0.05 0.01 6.01 0.69 1 6.69597101212 engnx03a.utdallas.edu 1731197771.33 1731197778.02 1 0.0298290252686 6.66331982613 0.00229716300964 0.00417685508728 0.000698804855347 6.64455103874 0.0 0.0 0.0 0.0 0.0 0.0 0.0 0.0}
replayTaskStats INV Cin__VDD__hl__ACQ_1 {0.04 0.01 5.9 0.63 1 6.5280148983 engnx03a.utdallas.edu 1731197778.02 1731197784.55 1 0.0261270999908 6.49933791161 0.00200700759888 0.0048291683197 0.000737905502319 6.47984194756 0.0 0.0 0.0 0.0 0.0 0.0 0.0 0.0}
replayTaskStats INV modeling {0.11 0.0 0.0 0.0 1 0.132811069489 engnx03a.utdallas.edu 1731197802.05 1731197802.19 1}
