replayTaskStats NOR2 configure {0.1 0.01 0.0 0.0 1 0.122168064117 engnx03a.utdallas.edu 1732984029.22 1732984029.34 1}
replayTaskStats NOR2 delay__B__lh__OUT__hl__ACQ_1 {0.11 0.02 5.97 0.7 1 6.81266903877 engnx03a.utdallas.edu 1732984038.38 1732984045.2 1 0.0789260864258 6.73050999641 0.00237798690796 0.00607204437256 0.000952959060669 6.60149216652 0.0 0.0 0.0 0.0 0.0 0.0 0.0 0.0}
replayTaskStats NOR2 delay__B__hl__OUT__lh__ACQ_1 {0.05 0.01 5.81 0.7 1 6.5165989399 engnx03a.utdallas.edu 1732984045.2 1732984051.71 1 0.0349719524384 6.47887992859 0.00199198722839 0.00563192367554 0.000658988952637 6.45478796959 0.0 0.0 0.0 0.0 0.0 0.0 0.0 0.0}
replayTaskStats NOR2 delay__A__lh__OUT__hl__ACQ_1 {0.06 0.0 5.9 0.68 1 6.58576416969 engnx03a.utdallas.edu 1732984051.71 1732984058.3 1 0.0347130298615 6.54843497276 0.00216698646545 0.00565195083618 0.000672101974487 6.52377891541 0.0 0.0 0.0 0.0 0.0 0.0 0.0 0.0}
replayTaskStats NOR2 delay__A__hl__OUT__lh__ACQ_1 {0.05 0.01 5.98 0.66 1 6.65093207359 engnx03a.utdallas.edu 1732984058.3 1732984064.95 1 0.0348520278931 6.61344408989 0.00205397605896 0.00534915924072 0.000684976577759 6.58923506737 0.0 0.0 0.0 0.0 0.0 0.0 0.0 0.0}
replayTaskStats NOR2 leakage_power__ACQ_1 {0.39 0.07 62.29 6.63 1 68.8735740185 engnx03a.utdallas.edu 1732984064.95 1732984133.82 1 0.0239789485931 7.49924492836 0.0025749206543 0.00498580932617 0.0020170211792 68.397759676 0.0 0.0 0.0 0.0 0.0 0.0 0.0 0.0}
replayTaskStats NOR2 leakage_power__ACQ_1 {0.39 0.07 62.29 6.63 1 68.8742260933 engnx03a.utdallas.edu 1732984064.95 1732984133.83 1 0.0239789485931 7.49924492836 0.0025749206543 0.00498580932617 0.0020170211792 68.397759676 0.0 0.0 0.0 0.0 0.0 0.0 0.0 0.0}
replayTaskStats NOR2 leakage_power__ACQ_1 {0.39 0.07 62.29 6.63 1 68.8748688698 engnx03a.utdallas.edu 1732984064.95 1732984133.83 1 0.0239789485931 7.49924492836 0.0025749206543 0.00498580932617 0.0020170211792 68.397759676 0.0 0.0 0.0 0.0 0.0 0.0 0.0 0.0}
replayTaskStats NOR2 leakage_power__ACQ_1 {0.39 0.07 62.29 6.63 1 68.8755009174 engnx03a.utdallas.edu 1732984064.95 1732984133.83 1 0.0239789485931 7.49924492836 0.0025749206543 0.00498580932617 0.0020170211792 68.397759676 0.0 0.0 0.0 0.0 0.0 0.0 0.0 0.0}
replayTaskStats NOR2 leakage_power__ACQ_1 {0.39 0.07 62.29 6.63 1 68.8761329651 engnx03a.utdallas.edu 1732984064.95 1732984133.83 1 0.0239789485931 7.49924492836 0.0025749206543 0.00498580932617 0.0020170211792 68.397759676 0.0 0.0 0.0 0.0 0.0 0.0 0.0 0.0}
replayTaskStats NOR2 leakage_power__ACQ_1 {0.39 0.07 62.29 6.63 1 68.87677598 engnx03a.utdallas.edu 1732984064.95 1732984133.83 1 0.0239789485931 7.49924492836 0.0025749206543 0.00498580932617 0.0020170211792 68.397759676 0.0 0.0 0.0 0.0 0.0 0.0 0.0 0.0}
replayTaskStats NOR2 leakage_power__ACQ_1 {0.4 0.07 62.29 6.63 1 68.8774058819 engnx03a.utdallas.edu 1732984064.95 1732984133.83 1 0.0239789485931 7.49924492836 0.0025749206543 0.00498580932617 0.0020170211792 68.397759676 0.0 0.0 0.0 0.0 0.0 0.0 0.0 0.0}
replayTaskStats NOR2 leakage_power__ACQ_1 {0.4 0.07 62.29 6.63 1 68.8780319691 engnx03a.utdallas.edu 1732984064.95 1732984133.83 1 0.0239789485931 7.49924492836 0.0025749206543 0.00498580932617 0.0020170211792 68.397759676 0.0 0.0 0.0 0.0 0.0 0.0 0.0 0.0}
replayTaskStats NOR2 leakage_power__ACQ_1 {0.4 0.07 62.29 6.63 1 68.8786640167 engnx03a.utdallas.edu 1732984064.95 1732984133.83 1 0.0239789485931 7.49924492836 0.0025749206543 0.00498580932617 0.0020170211792 68.397759676 0.0 0.0 0.0 0.0 0.0 0.0 0.0 0.0}
replayTaskStats NOR2 leakage_power__ACQ_1 {0.4 0.07 62.29 6.63 1 68.8792910576 engnx03a.utdallas.edu 1732984064.95 1732984133.83 1 0.0239789485931 7.49924492836 0.0025749206543 0.00498580932617 0.0020170211792 68.397759676 0.0 0.0 0.0 0.0 0.0 0.0 0.0 0.0}
replayTaskStats NOR2 Cin__VSS__lh__ACQ_1 {0.04 0.01 5.67 0.63 1 6.2994799614 engnx03a.utdallas.edu 1732984133.83 1732984140.13 1 0.0353310108185 6.26107501984 0.0022189617157 0.00419497489929 0.000626087188721 6.24318099022 0.0 0.0 0.0 0.0 0.0 0.0 0.0 0.0}
replayTaskStats NOR2 Cin__VSS__hl__ACQ_1 {0.04 0.01 5.84 0.69 1 6.51599311829 engnx03a.utdallas.edu 1732984140.13 1732984146.65 1 0.026407957077 6.48712992668 0.00208497047424 0.0041937828064 0.00061297416687 6.46953296661 0.0 0.0 0.0 0.0 0.0 0.0 0.0 0.0}
replayTaskStats NOR2 Cin__VDD__lh__ACQ_1 {0.04 0.0 5.79 0.68 1 6.46148490906 engnx03a.utdallas.edu 1732984146.65 1732984153.11 1 0.0282430648804 6.43079304695 0.00221395492554 0.00402998924255 0.000626802444458 6.41333389282 0.0 0.0 0.0 0.0 0.0 0.0 0.0 0.0}
replayTaskStats NOR2 Cin__VDD__hl__ACQ_1 {0.04 0.01 5.71 0.67 1 6.37950015068 engnx03a.utdallas.edu 1732984153.11 1732984159.49 1 0.0277559757233 6.34880709648 0.00271105766296 0.00528311729431 0.000798225402832 6.32811689377 0.0 0.0 0.0 0.0 0.0 0.0 0.0 0.0}
replayTaskStats NOR2 modeling {0.15 0.01 0.0 0.0 1 0.175104856491 engnx03a.utdallas.edu 1732984214.54 1732984214.72 1}
replayTaskStats NOR2 configure {0.09 0.01 0.0 0.0 1 0.134702920914 engnx01a.utdallas.edu 1733169541.32 1733169541.45 1}
replayTaskStats NOR2 delay__B__lh__OUT__hl__ACQ_1 {0.11 0.01 5.82 0.67 1 6.55736994743 engnx01a.utdallas.edu 1733169558.26 1733169564.82 1 0.0762648582458 6.47787189484 0.00220203399658 0.00768899917603 0.000885963439941 6.34959316254 0.0 0.0 0.0 0.0 0.0 0.0 0.0 0.0}
replayTaskStats NOR2 delay__B__hl__OUT__lh__ACQ_1 {0.05 0.01 5.78 0.61 1 6.39105892181 engnx01a.utdallas.edu 1733169564.82 1733169571.21 1 0.0352640151978 6.35321807861 0.00194001197815 0.00640201568604 0.000685930252075 6.32841014862 0.0 0.0 0.0 0.0 0.0 0.0 0.0 0.0}
replayTaskStats NOR2 delay__A__lh__OUT__hl__ACQ_1 {0.06 0.01 5.93 0.61 1 6.55494499207 engnx01a.utdallas.edu 1733169571.21 1733169577.77 1 0.0348119735718 6.51755714417 0.00197196006775 0.00747489929199 0.000700950622559 6.49147200584 0.0 0.0 0.0 0.0 0.0 0.0 0.0 0.0}
replayTaskStats NOR2 delay__A__hl__OUT__lh__ACQ_1 {0.05 0.0 5.83 0.61 1 6.45683217049 engnx01a.utdallas.edu 1733169577.77 1733169584.22 1 0.0360989570618 6.41810202599 0.00177407264709 0.00656509399414 0.000669002532959 6.39331698418 0.0 0.0 0.0 0.0 0.0 0.0 0.0 0.0}
replayTaskStats NOR2 leakage_power__ACQ_1 {0.4 0.07 63.96 6.41 1 70.3582680225 engnx01a.utdallas.edu 1733169584.22 1733169654.58 1 0.0249390602112 7.53971385956 0.0020649433136 0.00500512123108 0.00185108184814 69.870177269 0.0 0.0 0.0 0.0 0.0 0.0 0.0 0.0}
replayTaskStats NOR2 leakage_power__ACQ_1 {0.4 0.07 63.96 6.41 1 70.3587648869 engnx01a.utdallas.edu 1733169584.22 1733169654.58 1 0.0249390602112 7.53971385956 0.0020649433136 0.00500512123108 0.00185108184814 69.870177269 0.0 0.0 0.0 0.0 0.0 0.0 0.0 0.0}
replayTaskStats NOR2 leakage_power__ACQ_1 {0.4 0.07 63.96 6.41 1 70.3592379093 engnx01a.utdallas.edu 1733169584.22 1733169654.58 1 0.0249390602112 7.53971385956 0.0020649433136 0.00500512123108 0.00185108184814 69.870177269 0.0 0.0 0.0 0.0 0.0 0.0 0.0 0.0}
replayTaskStats NOR2 leakage_power__ACQ_1 {0.4 0.07 63.96 6.41 1 70.3597118855 engnx01a.utdallas.edu 1733169584.22 1733169654.58 1 0.0249390602112 7.53971385956 0.0020649433136 0.00500512123108 0.00185108184814 69.870177269 0.0 0.0 0.0 0.0 0.0 0.0 0.0 0.0}
replayTaskStats NOR2 leakage_power__ACQ_1 {0.4 0.07 63.96 6.41 1 70.3601849079 engnx01a.utdallas.edu 1733169584.22 1733169654.58 1 0.0249390602112 7.53971385956 0.0020649433136 0.00500512123108 0.00185108184814 69.870177269 0.0 0.0 0.0 0.0 0.0 0.0 0.0 0.0}
replayTaskStats NOR2 leakage_power__ACQ_1 {0.41 0.07 63.96 6.41 1 70.360658884 engnx01a.utdallas.edu 1733169584.22 1733169654.58 1 0.0249390602112 7.53971385956 0.0020649433136 0.00500512123108 0.00185108184814 69.870177269 0.0 0.0 0.0 0.0 0.0 0.0 0.0 0.0}
replayTaskStats NOR2 leakage_power__ACQ_1 {0.41 0.07 63.96 6.41 1 70.3611309528 engnx01a.utdallas.edu 1733169584.22 1733169654.58 1 0.0249390602112 7.53971385956 0.0020649433136 0.00500512123108 0.00185108184814 69.870177269 0.0 0.0 0.0 0.0 0.0 0.0 0.0 0.0}
replayTaskStats NOR2 leakage_power__ACQ_1 {0.41 0.07 63.96 6.41 1 70.3615980148 engnx01a.utdallas.edu 1733169584.22 1733169654.58 1 0.0249390602112 7.53971385956 0.0020649433136 0.00500512123108 0.00185108184814 69.870177269 0.0 0.0 0.0 0.0 0.0 0.0 0.0 0.0}
replayTaskStats NOR2 leakage_power__ACQ_1 {0.41 0.07 63.96 6.41 1 70.3620779514 engnx01a.utdallas.edu 1733169584.22 1733169654.59 1 0.0249390602112 7.53971385956 0.0020649433136 0.00500512123108 0.00185108184814 69.870177269 0.0 0.0 0.0 0.0 0.0 0.0 0.0 0.0}
replayTaskStats NOR2 leakage_power__ACQ_1 {0.41 0.07 63.96 6.41 1 70.3625369072 engnx01a.utdallas.edu 1733169584.22 1733169654.59 1 0.0249390602112 7.53971385956 0.0020649433136 0.00500512123108 0.00185108184814 69.870177269 0.0 0.0 0.0 0.0 0.0 0.0 0.0 0.0}
replayTaskStats NOR2 Cin__VSS__lh__ACQ_1 {0.04 0.01 5.96 0.65 1 6.61643481255 engnx01a.utdallas.edu 1733169654.59 1733169661.2 1 0.0329859256744 6.58058190346 0.00232696533203 0.00480699539185 0.000756025314331 6.56038308144 0.0 0.0 0.0 0.0 0.0 0.0 0.0 0.0}
replayTaskStats NOR2 Cin__VSS__hl__ACQ_1 {0.05 0.01 5.95 0.67 1 6.63610816002 engnx01a.utdallas.edu 1733169661.2 1733169667.84 1 0.0305960178375 6.60273003578 0.00217008590698 0.00529599189758 0.000735998153687 6.58217000961 0.0 0.0 0.0 0.0 0.0 0.0 0.0 0.0}
replayTaskStats NOR2 Cin__VDD__lh__ACQ_1 {0.04 0.01 5.89 0.66 1 6.55087804794 engnx01a.utdallas.edu 1733169667.84 1733169674.39 1 0.0310730934143 6.51723885536 0.00194501876831 0.00501704216003 0.000697135925293 6.4974629879 0.0 0.0 0.0 0.0 0.0 0.0 0.0 0.0}
replayTaskStats NOR2 Cin__VDD__hl__ACQ_1 {0.05 0.0 5.92 0.66 1 6.57392191887 engnx01a.utdallas.edu 1733169674.39 1733169680.97 1 0.0288488864899 6.54243016243 0.00203084945679 0.00528788566589 0.00069785118103 6.52239704132 0.0 0.0 0.0 0.0 0.0 0.0 0.0 0.0}
replayTaskStats NOR2 modeling {0.15 0.01 0.0 0.0 1 0.175221920013 engnx01a.utdallas.edu 1733169713.2 1733169713.38 1}
