replayTaskStats AOI12 configure {0.13 0.01 0.0 0.0 1 0.172472000122 engnx03a.utdallas.edu 1732952671.65 1732952671.82 1}
replayTaskStats AOI12 leakage_power__ACQ_1 {0.44 0.06 62.57 6.78 1 69.6635200977 engnx03a.utdallas.edu 1732952681.43 1732952751.09 1 0.0278289318085 7.4797270298 0.0024778842926 0.0547149181366 0.00165796279907 68.9573657513 0.0 0.0 0.0 0.0 0.0 0.0 0.0 0.0}
replayTaskStats AOI12 leakage_power__ACQ_1 {0.44 0.06 62.57 6.78 1 69.6640021801 engnx03a.utdallas.edu 1732952681.43 1732952751.09 1 0.0278289318085 7.4797270298 0.0024778842926 0.0547149181366 0.00165796279907 68.9573657513 0.0 0.0 0.0 0.0 0.0 0.0 0.0 0.0}
replayTaskStats AOI12 leakage_power__ACQ_1 {0.44 0.06 62.57 6.78 1 69.6644740105 engnx03a.utdallas.edu 1732952681.43 1732952751.09 1 0.0278289318085 7.4797270298 0.0024778842926 0.0547149181366 0.00165796279907 68.9573657513 0.0 0.0 0.0 0.0 0.0 0.0 0.0 0.0}
replayTaskStats AOI12 leakage_power__ACQ_1 {0.44 0.06 62.57 6.78 1 69.6649420261 engnx03a.utdallas.edu 1732952681.43 1732952751.09 1 0.0278289318085 7.4797270298 0.0024778842926 0.0547149181366 0.00165796279907 68.9573657513 0.0 0.0 0.0 0.0 0.0 0.0 0.0 0.0}
replayTaskStats AOI12 leakage_power__ACQ_1 {0.44 0.06 62.57 6.78 1 69.6654090881 engnx03a.utdallas.edu 1732952681.43 1732952751.09 1 0.0278289318085 7.4797270298 0.0024778842926 0.0547149181366 0.00165796279907 68.9573657513 0.0 0.0 0.0 0.0 0.0 0.0 0.0 0.0}
replayTaskStats AOI12 leakage_power__ACQ_1 {0.44 0.06 62.57 6.78 1 69.6658751965 engnx03a.utdallas.edu 1732952681.43 1732952751.09 1 0.0278289318085 7.4797270298 0.0024778842926 0.0547149181366 0.00165796279907 68.9573657513 0.0 0.0 0.0 0.0 0.0 0.0 0.0 0.0}
replayTaskStats AOI12 leakage_power__ACQ_1 {0.44 0.06 62.57 6.78 1 69.6663491726 engnx03a.utdallas.edu 1732952681.43 1732952751.09 1 0.0278289318085 7.4797270298 0.0024778842926 0.0547149181366 0.00165796279907 68.9573657513 0.0 0.0 0.0 0.0 0.0 0.0 0.0 0.0}
replayTaskStats AOI12 leakage_power__ACQ_1 {0.44 0.06 62.57 6.78 1 69.6668221951 engnx03a.utdallas.edu 1732952681.43 1732952751.09 1 0.0278289318085 7.4797270298 0.0024778842926 0.0547149181366 0.00165796279907 68.9573657513 0.0 0.0 0.0 0.0 0.0 0.0 0.0 0.0}
replayTaskStats AOI12 leakage_power__ACQ_1 {0.44 0.06 62.57 6.78 1 69.667288065 engnx03a.utdallas.edu 1732952681.43 1732952751.09 1 0.0278289318085 7.4797270298 0.0024778842926 0.0547149181366 0.00165796279907 68.9573657513 0.0 0.0 0.0 0.0 0.0 0.0 0.0 0.0}
replayTaskStats AOI12 leakage_power__ACQ_1 {0.44 0.06 62.57 6.78 1 69.6677479744 engnx03a.utdallas.edu 1732952681.43 1732952751.09 1 0.0278289318085 7.4797270298 0.0024778842926 0.0547149181366 0.00165796279907 68.9573657513 0.0 0.0 0.0 0.0 0.0 0.0 0.0 0.0}
replayTaskStats AOI12 Cin__VSS__lh__ACQ_1 {0.04 0.0 5.77 0.66 1 6.46278190613 engnx03a.utdallas.edu 1732952751.54 1732952758.0 1 0.0321710109711 6.42819404602 0.00210499763489 0.0276238918304 0.000627994537354 6.38695478439 0.0 0.0 0.0 0.0 0.0 0.0 0.0 0.0}
replayTaskStats AOI12 Cin__VSS__hl__ACQ_1 {0.05 0.01 5.78 0.69 1 6.48069095612 engnx03a.utdallas.edu 1732952758.0 1732952764.48 1 0.0298609733582 6.44838690758 0.00187611579895 0.00608921051025 0.000636100769043 6.42887210846 0.0 0.0 0.0 0.0 0.0 0.0 0.0 0.0}
replayTaskStats AOI12 Cin__VDD__lh__ACQ_1 {0.08 0.01 5.75 0.66 1 6.46907901764 engnx03a.utdallas.edu 1732952764.48 1732952770.95 1 0.07643699646 6.39009189606 0.00213503837585 0.00435495376587 0.000643968582153 6.37132310867 0.0 0.0 0.0 0.0 0.0 0.0 0.0 0.0}
replayTaskStats AOI12 Cin__VDD__hl__ACQ_1 {0.04 0.01 5.74 0.64 1 6.37758207321 engnx03a.utdallas.edu 1732952770.95 1732952777.33 1 0.0312719345093 6.34386706352 0.0018310546875 0.00444197654724 0.000646114349365 6.32586503029 0.0 0.0 0.0 0.0 0.0 0.0 0.0 0.0}
replayTaskStats AOI12 leakage_power__ACQ_1 {0.46 0.06 62.45 6.63 1 69.4219560623 engnx03a.utdallas.edu 1732952879.69 1732952949.11 1 0.0297439098358 7.4217839241 0.00203394889832 0.00503206253052 0.00187206268311 68.8047838211 0.0 0.0 0.0 0.0 0.0 0.0 0.0 0.0}
replayTaskStats AOI12 leakage_power__ACQ_1 {0.46 0.06 62.45 6.63 1 69.4224529266 engnx03a.utdallas.edu 1732952879.69 1732952949.11 1 0.0297439098358 7.4217839241 0.00203394889832 0.00503206253052 0.00187206268311 68.8047838211 0.0 0.0 0.0 0.0 0.0 0.0 0.0 0.0}
replayTaskStats AOI12 leakage_power__ACQ_1 {0.46 0.06 62.45 6.63 1 69.4229309559 engnx03a.utdallas.edu 1732952879.69 1732952949.11 1 0.0297439098358 7.4217839241 0.00203394889832 0.00503206253052 0.00187206268311 68.8047838211 0.0 0.0 0.0 0.0 0.0 0.0 0.0 0.0}
replayTaskStats AOI12 leakage_power__ACQ_1 {0.46 0.06 62.45 6.63 1 69.4233899117 engnx03a.utdallas.edu 1732952879.69 1732952949.11 1 0.0297439098358 7.4217839241 0.00203394889832 0.00503206253052 0.00187206268311 68.8047838211 0.0 0.0 0.0 0.0 0.0 0.0 0.0 0.0}
replayTaskStats AOI12 leakage_power__ACQ_1 {0.46 0.06 62.45 6.63 1 69.4238450527 engnx03a.utdallas.edu 1732952879.69 1732952949.11 1 0.0297439098358 7.4217839241 0.00203394889832 0.00503206253052 0.00187206268311 68.8047838211 0.0 0.0 0.0 0.0 0.0 0.0 0.0 0.0}
replayTaskStats AOI12 leakage_power__ACQ_1 {0.46 0.06 62.45 6.63 1 69.4243118763 engnx03a.utdallas.edu 1732952879.69 1732952949.11 1 0.0297439098358 7.4217839241 0.00203394889832 0.00503206253052 0.00187206268311 68.8047838211 0.0 0.0 0.0 0.0 0.0 0.0 0.0 0.0}
replayTaskStats AOI12 leakage_power__ACQ_1 {0.46 0.06 62.45 6.63 1 69.4247829914 engnx03a.utdallas.edu 1732952879.69 1732952949.11 1 0.0297439098358 7.4217839241 0.00203394889832 0.00503206253052 0.00187206268311 68.8047838211 0.0 0.0 0.0 0.0 0.0 0.0 0.0 0.0}
replayTaskStats AOI12 leakage_power__ACQ_1 {0.46 0.06 62.45 6.63 1 69.4252450466 engnx03a.utdallas.edu 1732952879.69 1732952949.11 1 0.0297439098358 7.4217839241 0.00203394889832 0.00503206253052 0.00187206268311 68.8047838211 0.0 0.0 0.0 0.0 0.0 0.0 0.0 0.0}
replayTaskStats AOI12 leakage_power__ACQ_1 {0.46 0.06 62.45 6.63 1 69.4256930351 engnx03a.utdallas.edu 1732952879.69 1732952949.12 1 0.0297439098358 7.4217839241 0.00203394889832 0.00503206253052 0.00187206268311 68.8047838211 0.0 0.0 0.0 0.0 0.0 0.0 0.0 0.0}
replayTaskStats AOI12 leakage_power__ACQ_1 {0.46 0.06 62.45 6.63 1 69.4261410236 engnx03a.utdallas.edu 1732952879.69 1732952949.12 1 0.0297439098358 7.4217839241 0.00203394889832 0.00503206253052 0.00187206268311 68.8047838211 0.0 0.0 0.0 0.0 0.0 0.0 0.0 0.0}
replayTaskStats AOI12 Cin__VSS__lh__ACQ_1 {0.05 0.01 5.71 0.65 1 6.3581829071 engnx03a.utdallas.edu 1732952949.53 1732952955.89 1 0.0337800979614 6.32198500633 0.00192499160767 0.00544595718384 0.000692844390869 6.30213809013 0.0 0.0 0.0 0.0 0.0 0.0 0.0 0.0}
replayTaskStats AOI12 Cin__VSS__hl__ACQ_1 {0.04 0.0 5.62 0.65 1 6.27102613449 engnx03a.utdallas.edu 1732952956.33 1732952962.6 1 0.0289611816406 6.23931694031 0.00244402885437 0.0118930339813 0.00063419342041 6.21315598488 0.0 0.0 0.0 0.0 0.0 0.0 0.0 0.0}
replayTaskStats AOI12 Cin__VDD__lh__ACQ_1 {0.05 0.01 5.84 0.67 1 6.51798701286 engnx03a.utdallas.edu 1732952962.6 1732952969.12 1 0.0297899246216 6.48561000824 0.00218105316162 0.00622510910034 0.000643014907837 6.46513986588 0.0 0.0 0.0 0.0 0.0 0.0 0.0 0.0}
replayTaskStats AOI12 Cin__VDD__hl__ACQ_1 {0.04 0.01 5.76 0.65 1 6.46312403679 engnx03a.utdallas.edu 1732952969.12 1732952975.59 1 0.0316569805145 6.42894911766 0.0020170211792 0.0406119823456 0.000629901885986 6.37431883812 0.0 0.0 0.0 0.0 0.0 0.0 0.0 0.0}
replayTaskStats AOI12 configure {0.13 0.01 0.0 0.0 1 0.183529853821 engnx03a.utdallas.edu 1732981266.98 1732981267.16 1}
replayTaskStats AOI12 delay__B__lh__OUT__hl__ACQ_1 {0.11 0.01 5.92 0.72 1 6.82237815857 engnx03a.utdallas.edu 1732981288.82 1732981295.64 1 0.082218170166 6.73691606522 0.00237011909485 0.02281498909 0.00086784362793 6.60084104538 0.0 0.0 0.0 0.0 0.0 0.0 0.0 0.0}
replayTaskStats AOI12 delay__B__hl__OUT__lh__ACQ_1 {0.06 0.01 6.06 0.66 1 6.73225808144 engnx03a.utdallas.edu 1732981295.65 1732981302.38 1 0.0366699695587 6.69307398796 0.00202703475952 0.00586485862732 0.000674962997437 6.66857099533 0.0 0.0 0.0 0.0 0.0 0.0 0.0 0.0}
replayTaskStats AOI12 delay__C__lh__OUT__hl__ACQ_1 {0.06 0.0 6.1 0.68 1 6.78773808479 engnx03a.utdallas.edu 1732981302.38 1732981309.17 1 0.0363681316376 6.74884200096 0.00197696685791 0.00586700439453 0.000665903091431 6.72468590736 0.0 0.0 0.0 0.0 0.0 0.0 0.0 0.0}
replayTaskStats AOI12 delay__C__hl__OUT__lh__ACQ_1 {0.07 0.01 6.0 0.64 1 6.67437386513 engnx03a.utdallas.edu 1732981309.17 1732981315.84 1 0.0543828010559 6.61725997925 0.00314211845398 0.00542593002319 0.000671863555908 6.5890648365 0.0 0.0 0.0 0.0 0.0 0.0 0.0 0.0}
replayTaskStats AOI12 delay__A__lh__OUT__hl__ACQ_1 {0.05 0.02 5.96 0.67 1 6.63320302963 engnx03a.utdallas.edu 1732981315.84 1732981322.47 1 0.0391530990601 6.59136795998 0.00228595733643 0.00567698478699 0.000670909881592 6.56673002243 0.0 0.0 0.0 0.0 0.0 0.0 0.0 0.0}
replayTaskStats AOI12 delay__A__hl__OUT__lh__ACQ_1 {0.06 0.0 6.02 0.67 1 6.69950294495 engnx03a.utdallas.edu 1732981322.48 1732981329.17 1 0.0380911827087 6.65873813629 0.00187492370605 0.00578498840332 0.000622987747192 6.63490200043 0.0 0.0 0.0 0.0 0.0 0.0 0.0 0.0}
replayTaskStats AOI12 leakage_power__ACQ_1 {0.4 0.07 63.82 6.66 1 70.4691591263 engnx03a.utdallas.edu 1732981329.18 1732981399.64 1 0.0286440849304 7.53767800331 0.0020899772644 0.00548315048218 0.00182795524597 69.9674773216 0.0 0.0 0.0 0.0 0.0 0.0 0.0 0.0}
replayTaskStats AOI12 leakage_power__ACQ_1 {0.4 0.07 63.82 6.66 1 70.469643116 engnx03a.utdallas.edu 1732981329.18 1732981399.65 1 0.0286440849304 7.53767800331 0.0020899772644 0.00548315048218 0.00182795524597 69.9674773216 0.0 0.0 0.0 0.0 0.0 0.0 0.0 0.0}
replayTaskStats AOI12 leakage_power__ACQ_1 {0.41 0.07 63.82 6.66 1 70.4701151848 engnx03a.utdallas.edu 1732981329.18 1732981399.65 1 0.0286440849304 7.53767800331 0.0020899772644 0.00548315048218 0.00182795524597 69.9674773216 0.0 0.0 0.0 0.0 0.0 0.0 0.0 0.0}
replayTaskStats AOI12 leakage_power__ACQ_1 {0.41 0.07 63.82 6.66 1 70.4705970287 engnx03a.utdallas.edu 1732981329.18 1732981399.65 1 0.0286440849304 7.53767800331 0.0020899772644 0.00548315048218 0.00182795524597 69.9674773216 0.0 0.0 0.0 0.0 0.0 0.0 0.0 0.0}
replayTaskStats AOI12 leakage_power__ACQ_1 {0.41 0.07 63.82 6.66 1 70.4711351395 engnx03a.utdallas.edu 1732981329.18 1732981399.65 1 0.0286440849304 7.53767800331 0.0020899772644 0.00548315048218 0.00182795524597 69.9674773216 0.0 0.0 0.0 0.0 0.0 0.0 0.0 0.0}
replayTaskStats AOI12 leakage_power__ACQ_1 {0.41 0.07 63.82 6.66 1 70.4716410637 engnx03a.utdallas.edu 1732981329.18 1732981399.65 1 0.0286440849304 7.53767800331 0.0020899772644 0.00548315048218 0.00182795524597 69.9674773216 0.0 0.0 0.0 0.0 0.0 0.0 0.0 0.0}
replayTaskStats AOI12 leakage_power__ACQ_1 {0.41 0.07 63.82 6.66 1 70.4721260071 engnx03a.utdallas.edu 1732981329.18 1732981399.65 1 0.0286440849304 7.53767800331 0.0020899772644 0.00548315048218 0.00182795524597 69.9674773216 0.0 0.0 0.0 0.0 0.0 0.0 0.0 0.0}
replayTaskStats AOI12 leakage_power__ACQ_1 {0.41 0.07 63.82 6.66 1 70.4726209641 engnx03a.utdallas.edu 1732981329.18 1732981399.65 1 0.0286440849304 7.53767800331 0.0020899772644 0.00548315048218 0.00182795524597 69.9674773216 0.0 0.0 0.0 0.0 0.0 0.0 0.0 0.0}
replayTaskStats AOI12 leakage_power__ACQ_1 {0.41 0.07 63.82 6.66 1 70.4730811119 engnx03a.utdallas.edu 1732981329.18 1732981399.65 1 0.0286440849304 7.53767800331 0.0020899772644 0.00548315048218 0.00182795524597 69.9674773216 0.0 0.0 0.0 0.0 0.0 0.0 0.0 0.0}
replayTaskStats AOI12 leakage_power__ACQ_1 {0.41 0.07 63.82 6.66 1 70.473582983 engnx03a.utdallas.edu 1732981329.18 1732981399.65 1 0.0286440849304 7.53767800331 0.0020899772644 0.00548315048218 0.00182795524597 69.9674773216 0.0 0.0 0.0 0.0 0.0 0.0 0.0 0.0}
replayTaskStats AOI12 Cin__VSS__lh__ACQ_1 {0.05 0.0 5.94 0.65 1 6.58875489235 engnx03a.utdallas.edu 1732981399.65 1732981406.24 1 0.0347270965576 6.55123996735 0.00195407867432 0.00563383102417 0.000756978988647 6.5309510231 0.0 0.0 0.0 0.0 0.0 0.0 0.0 0.0}
replayTaskStats AOI12 Cin__VSS__hl__ACQ_1 {0.05 0.01 5.82 0.67 1 6.49814891815 engnx03a.utdallas.edu 1732981406.24 1732981412.74 1 0.0324490070343 6.46288609505 0.00269198417664 0.00557088851929 0.000888109207153 6.44049191475 0.0 0.0 0.0 0.0 0.0 0.0 0.0 0.0}
replayTaskStats AOI12 Cin__VDD__lh__ACQ_1 {0.04 0.01 6.05 0.7 1 6.75345396996 engnx03a.utdallas.edu 1732981412.74 1732981419.49 1 0.031729221344 6.71906304359 0.00217890739441 0.0051441192627 0.000710010528564 6.69948005676 0.0 0.0 0.0 0.0 0.0 0.0 0.0 0.0}
replayTaskStats AOI12 Cin__VDD__hl__ACQ_1 {0.05 0.0 5.85 0.65 1 6.49112510681 engnx03a.utdallas.edu 1732981419.49 1732981425.98 1 0.0321199893951 6.45654201508 0.00183892250061 0.00479912757874 0.000631093978882 6.43807196617 0.0 0.0 0.0 0.0 0.0 0.0 0.0 0.0}
replayTaskStats AOI12 modeling {0.19 0.01 0.0 0.0 1 0.214738845825 engnx03a.utdallas.edu 1732981490.29 1732981490.51 1}
replayTaskStats AOI12 configure {0.14 0.01 0.0 0.0 1 0.184176206589 engnx01a.utdallas.edu 1733167489.26 1733167489.45 1}
replayTaskStats AOI12 delay__B__lh__OUT__hl__ACQ_1 {0.12 0.02 6.07 0.65 1 6.897108078 engnx01a.utdallas.edu 1733167497.55 1733167504.44 1 0.0867540836334 6.80710101128 0.00198411941528 0.00727701187134 0.00087308883667 6.68334698677 0.0 0.0 0.0 0.0 0.0 0.0 0.0 0.0}
replayTaskStats AOI12 delay__B__hl__OUT__lh__ACQ_1 {0.06 0.0 6.09 0.62 1 6.72434592247 engnx01a.utdallas.edu 1733167504.44 1733167511.17 1 0.038067817688 6.68378090858 0.00181293487549 0.00664305686951 0.000675916671753 6.65865898132 0.0 0.0 0.0 0.0 0.0 0.0 0.0 0.0}
replayTaskStats AOI12 delay__C__lh__OUT__hl__ACQ_1 {0.07 0.0 5.95 0.59 1 6.55442404747 engnx01a.utdallas.edu 1733167511.17 1733167517.72 1 0.0415518283844 6.50993990898 0.0022189617157 0.00737500190735 0.000704050064087 6.48151683807 0.0 0.0 0.0 0.0 0.0 0.0 0.0 0.0}
replayTaskStats AOI12 delay__C__hl__OUT__lh__ACQ_1 {0.09 0.02 6.22 0.61 1 6.88005900383 engnx01a.utdallas.edu 1733167517.72 1733167524.6 1 0.0725951194763 6.80381608009 0.00197911262512 0.00669598579407 0.000779151916504 6.77466797829 0.0 0.0 0.0 0.0 0.0 0.0 0.0 0.0}
replayTaskStats AOI12 delay__A__lh__OUT__hl__ACQ_1 {0.06 0.01 6.18 0.63 1 6.83561491966 engnx01a.utdallas.edu 1733167524.61 1733167531.44 1 0.0394468307495 6.7936000824 0.00182104110718 0.00651288032532 0.000645875930786 6.76842498779 0.0 0.0 0.0 0.0 0.0 0.0 0.0 0.0}
replayTaskStats AOI12 delay__A__hl__OUT__lh__ACQ_1 {0.06 0.0 6.2 0.62 1 6.83368706703 engnx01a.utdallas.edu 1733167531.44 1733167538.28 1 0.0393900871277 6.7917869091 0.00198602676392 0.00684213638306 0.000642061233521 6.76646995544 0.0 0.0 0.0 0.0 0.0 0.0 0.0 0.0}
replayTaskStats AOI12 leakage_power__ACQ_1 {0.44 0.05 64.49 6.2 1 70.7363870144 engnx01a.utdallas.edu 1733167538.28 1733167609.01 1 0.027930021286 7.40349507332 0.00193381309509 0.00503492355347 0.00163292884827 70.2246799469 0.0 0.0 0.0 0.0 0.0 0.0 0.0 0.0}
replayTaskStats AOI12 leakage_power__ACQ_1 {0.44 0.05 64.49 6.2 1 70.736866951 engnx01a.utdallas.edu 1733167538.28 1733167609.01 1 0.027930021286 7.40349507332 0.00193381309509 0.00503492355347 0.00163292884827 70.2246799469 0.0 0.0 0.0 0.0 0.0 0.0 0.0 0.0}
replayTaskStats AOI12 leakage_power__ACQ_1 {0.44 0.05 64.49 6.2 1 70.7373390198 engnx01a.utdallas.edu 1733167538.28 1733167609.01 1 0.027930021286 7.40349507332 0.00193381309509 0.00503492355347 0.00163292884827 70.2246799469 0.0 0.0 0.0 0.0 0.0 0.0 0.0 0.0}
replayTaskStats AOI12 leakage_power__ACQ_1 {0.44 0.05 64.49 6.2 1 70.7378258705 engnx01a.utdallas.edu 1733167538.28 1733167609.01 1 0.027930021286 7.40349507332 0.00193381309509 0.00503492355347 0.00163292884827 70.2246799469 0.0 0.0 0.0 0.0 0.0 0.0 0.0 0.0}
replayTaskStats AOI12 leakage_power__ACQ_1 {0.44 0.05 64.49 6.2 1 70.7382898331 engnx01a.utdallas.edu 1733167538.28 1733167609.01 1 0.027930021286 7.40349507332 0.00193381309509 0.00503492355347 0.00163292884827 70.2246799469 0.0 0.0 0.0 0.0 0.0 0.0 0.0 0.0}
replayTaskStats AOI12 leakage_power__ACQ_1 {0.44 0.05 64.49 6.2 1 70.7387619019 engnx01a.utdallas.edu 1733167538.28 1733167609.01 1 0.027930021286 7.40349507332 0.00193381309509 0.00503492355347 0.00163292884827 70.2246799469 0.0 0.0 0.0 0.0 0.0 0.0 0.0 0.0}
replayTaskStats AOI12 leakage_power__ACQ_1 {0.44 0.05 64.49 6.2 1 70.7392280102 engnx01a.utdallas.edu 1733167538.28 1733167609.01 1 0.027930021286 7.40349507332 0.00193381309509 0.00503492355347 0.00163292884827 70.2246799469 0.0 0.0 0.0 0.0 0.0 0.0 0.0 0.0}
replayTaskStats AOI12 leakage_power__ACQ_1 {0.44 0.05 64.49 6.2 1 70.7396948338 engnx01a.utdallas.edu 1733167538.28 1733167609.02 1 0.027930021286 7.40349507332 0.00193381309509 0.00503492355347 0.00163292884827 70.2246799469 0.0 0.0 0.0 0.0 0.0 0.0 0.0 0.0}
replayTaskStats AOI12 leakage_power__ACQ_1 {0.44 0.05 64.49 6.2 1 70.740156889 engnx01a.utdallas.edu 1733167538.28 1733167609.02 1 0.027930021286 7.40349507332 0.00193381309509 0.00503492355347 0.00163292884827 70.2246799469 0.0 0.0 0.0 0.0 0.0 0.0 0.0 0.0}
replayTaskStats AOI12 leakage_power__ACQ_1 {0.44 0.05 64.49 6.2 1 70.7406148911 engnx01a.utdallas.edu 1733167538.28 1733167609.02 1 0.027930021286 7.40349507332 0.00193381309509 0.00503492355347 0.00163292884827 70.2246799469 0.0 0.0 0.0 0.0 0.0 0.0 0.0 0.0}
replayTaskStats AOI12 Cin__VSS__lh__ACQ_1 {0.05 0.0 5.79 0.6 1 6.40183401108 engnx01a.utdallas.edu 1733167609.02 1733167615.42 1 0.0339570045471 6.36496686935 0.00202989578247 0.00565814971924 0.000657081604004 6.34516000748 0.0 0.0 0.0 0.0 0.0 0.0 0.0 0.0}
replayTaskStats AOI12 Cin__VSS__hl__ACQ_1 {0.05 0.01 6.06 0.61 1 6.65975689888 engnx01a.utdallas.edu 1733167615.42 1733167622.08 1 0.0327181816101 6.6244828701 0.00188803672791 0.00548410415649 0.000770092010498 6.60506105423 0.0 0.0 0.0 0.0 0.0 0.0 0.0 0.0}
replayTaskStats AOI12 Cin__VDD__lh__ACQ_1 {0.04 0.0 5.84 0.63 1 6.47453093529 engnx01a.utdallas.edu 1733167622.08 1733167628.56 1 0.0321109294891 6.43988800049 0.00181412696838 0.00506186485291 0.000633955001831 6.42124390602 0.0 0.0 0.0 0.0 0.0 0.0 0.0 0.0}
replayTaskStats AOI12 Cin__VDD__hl__ACQ_1 {0.04 0.01 5.93 0.65 1 6.5914080143 engnx01a.utdallas.edu 1733167628.56 1733167635.15 1 0.0313827991486 6.5575158596 0.0018470287323 0.00487899780273 0.000635862350464 6.53921914101 0.0 0.0 0.0 0.0 0.0 0.0 0.0 0.0}
replayTaskStats AOI12 modeling {0.19 0.01 0.0 0.0 1 0.234357833862 engnx01a.utdallas.edu 1733167706.67 1733167706.91 1}
