replayTaskStats NOR2 configure {0.1 0.01 0.0 0.0 1 0.131508827209 engnx03a.utdallas.edu 1732840283.55 1732840283.68 1}
replayTaskStats NOR2 delay__B__lh__OUT__hl__ACQ_1 {0.11 0.02 5.84 0.64 1 6.63780498505 engnx03a.utdallas.edu 1732840293.14 1732840299.78 1 0.0804278850555 6.55409789085 0.00213193893433 0.00604677200317 0.000897884368896 6.43097710609 0.0 0.0 0.0 0.0 0.0 0.0 0.0 0.0}
replayTaskStats NOR2 delay__B__hl__OUT__lh__ACQ_1 {0.05 0.0 5.82 0.62 1 6.44392681122 engnx03a.utdallas.edu 1732840299.78 1732840306.22 1 0.0346350669861 6.40678811073 0.00210618972778 0.00589609146118 0.00070595741272 6.38184714317 0.0 0.0 0.0 0.0 0.0 0.0 0.0 0.0}
replayTaskStats NOR2 delay__A__lh__OUT__hl__ACQ_1 {0.05 0.01 5.86 0.63 1 6.50001597404 engnx03a.utdallas.edu 1732840306.22 1732840312.72 1 0.0349090099335 6.46248698235 0.0019998550415 0.00591611862183 0.000673055648804 6.43786692619 0.0 0.0 0.0 0.0 0.0 0.0 0.0 0.0}
replayTaskStats NOR2 delay__A__hl__OUT__lh__ACQ_1 {0.05 0.01 5.9 0.65 1 6.54643106461 engnx03a.utdallas.edu 1732840312.72 1732840319.27 1 0.0342540740967 6.50959300995 0.00201797485352 0.00586795806885 0.000711917877197 6.48499298096 0.0 0.0 0.0 0.0 0.0 0.0 0.0 0.0}
replayTaskStats NOR2 leakage_power__ACQ_1 {0.4 0.08 62.32 6.38 1 68.6687657833 engnx03a.utdallas.edu 1732840319.27 1732840387.94 1 0.0269539356232 7.29965305328 0.00216603279114 0.00488209724426 0.00157999992371 68.1739556789 0.0 0.0 0.0 0.0 0.0 0.0 0.0 0.0}
replayTaskStats NOR2 leakage_power__ACQ_1 {0.4 0.08 62.32 6.38 1 68.6692528725 engnx03a.utdallas.edu 1732840319.27 1732840387.94 1 0.0269539356232 7.29965305328 0.00216603279114 0.00488209724426 0.00157999992371 68.1739556789 0.0 0.0 0.0 0.0 0.0 0.0 0.0 0.0}
replayTaskStats NOR2 leakage_power__ACQ_1 {0.4 0.08 62.32 6.38 1 68.6697359085 engnx03a.utdallas.edu 1732840319.27 1732840387.94 1 0.0269539356232 7.29965305328 0.00216603279114 0.00488209724426 0.00157999992371 68.1739556789 0.0 0.0 0.0 0.0 0.0 0.0 0.0 0.0}
replayTaskStats NOR2 leakage_power__ACQ_1 {0.4 0.08 62.32 6.38 1 68.6702079773 engnx03a.utdallas.edu 1732840319.27 1732840387.94 1 0.0269539356232 7.29965305328 0.00216603279114 0.00488209724426 0.00157999992371 68.1739556789 0.0 0.0 0.0 0.0 0.0 0.0 0.0 0.0}
replayTaskStats NOR2 leakage_power__ACQ_1 {0.4 0.08 62.32 6.38 1 68.6706888676 engnx03a.utdallas.edu 1732840319.27 1732840387.94 1 0.0269539356232 7.29965305328 0.00216603279114 0.00488209724426 0.00157999992371 68.1739556789 0.0 0.0 0.0 0.0 0.0 0.0 0.0 0.0}
replayTaskStats NOR2 leakage_power__ACQ_1 {0.4 0.08 62.32 6.38 1 68.6711568832 engnx03a.utdallas.edu 1732840319.27 1732840387.94 1 0.0269539356232 7.29965305328 0.00216603279114 0.00488209724426 0.00157999992371 68.1739556789 0.0 0.0 0.0 0.0 0.0 0.0 0.0 0.0}
replayTaskStats NOR2 leakage_power__ACQ_1 {0.4 0.08 62.32 6.38 1 68.6716308594 engnx03a.utdallas.edu 1732840319.27 1732840387.94 1 0.0269539356232 7.29965305328 0.00216603279114 0.00488209724426 0.00157999992371 68.1739556789 0.0 0.0 0.0 0.0 0.0 0.0 0.0 0.0}
replayTaskStats NOR2 leakage_power__ACQ_1 {0.4 0.08 62.32 6.38 1 68.672098875 engnx03a.utdallas.edu 1732840319.27 1732840387.94 1 0.0269539356232 7.29965305328 0.00216603279114 0.00488209724426 0.00157999992371 68.1739556789 0.0 0.0 0.0 0.0 0.0 0.0 0.0 0.0}
replayTaskStats NOR2 leakage_power__ACQ_1 {0.4 0.08 62.32 6.38 1 68.6725709438 engnx03a.utdallas.edu 1732840319.27 1732840387.94 1 0.0269539356232 7.29965305328 0.00216603279114 0.00488209724426 0.00157999992371 68.1739556789 0.0 0.0 0.0 0.0 0.0 0.0 0.0 0.0}
replayTaskStats NOR2 leakage_power__ACQ_1 {0.4 0.08 62.32 6.38 1 68.6730389595 engnx03a.utdallas.edu 1732840319.27 1732840387.94 1 0.0269539356232 7.29965305328 0.00216603279114 0.00488209724426 0.00157999992371 68.1739556789 0.0 0.0 0.0 0.0 0.0 0.0 0.0 0.0}
replayTaskStats NOR2 Cin__VSS__lh__ACQ_1 {0.05 0.01 5.84 0.66 1 6.48360013962 engnx03a.utdallas.edu 1732840387.95 1732840394.43 1 0.0309388637543 6.45010209084 0.00220680236816 0.00403881072998 0.000672101974487 6.43227505684 0.0 0.0 0.0 0.0 0.0 0.0 0.0 0.0}
replayTaskStats NOR2 Cin__VSS__hl__ACQ_1 {0.04 0.0 5.57 0.64 1 6.21631193161 engnx03a.utdallas.edu 1732840394.43 1732840400.65 1 0.0272469520569 6.18656396866 0.00209212303162 0.00423216819763 0.000669002532959 6.16852998734 0.0 0.0 0.0 0.0 0.0 0.0 0.0 0.0}
replayTaskStats NOR2 Cin__VDD__lh__ACQ_1 {0.04 0.01 5.76 0.65 1 6.39853096008 engnx03a.utdallas.edu 1732840400.65 1732840407.05 1 0.0283260345459 6.36771702766 0.00206685066223 0.00424289703369 0.000637054443359 6.35004997253 0.0 0.0 0.0 0.0 0.0 0.0 0.0 0.0}
replayTaskStats NOR2 Cin__VDD__hl__ACQ_1 {0.04 0.0 5.7 0.66 1 6.36268115044 engnx03a.utdallas.edu 1732840407.05 1732840413.41 1 0.0275530815125 6.33263111115 0.00187587738037 0.0040819644928 0.00064492225647 6.31494808197 0.0 0.0 0.0 0.0 0.0 0.0 0.0 0.0}
replayTaskStats NOR2 modeling {0.14 0.01 0.0 0.0 1 0.168833017349 engnx03a.utdallas.edu 1732840463.22 1732840463.39 1}
