replayTaskStats OAI22 configure {0.18 0.0 0.0 0.0 1 0.207712173462 engnx03a.utdallas.edu 1732842113.78 1732842113.98 1}
replayTaskStats OAI22 delay__A__hl__OUT__lh__ACQ_1 {0.12 0.0 5.95 0.64 1 6.74111509323 engnx03a.utdallas.edu 1732842136.38 1732842143.12 1 0.0857470035553 6.6522269249 0.0022280216217 0.00592494010925 0.000840187072754 6.54250192642 0.0 0.0 0.0 0.0 0.0 0.0 0.0 0.0}
replayTaskStats OAI22 delay__A__lh__OUT__hl__ACQ_1 {0.05 0.01 5.87 0.63 1 6.51576113701 engnx03a.utdallas.edu 1732842143.12 1732842149.64 1 0.0400669574738 6.47290802002 0.00182700157166 0.00593900680542 0.000627994537354 6.44885110855 0.0 0.0 0.0 0.0 0.0 0.0 0.0 0.0}
replayTaskStats OAI22 delay__B__hl__OUT__lh__ACQ_1 {0.08 0.01 5.82 0.62 1 6.47758293152 engnx03a.utdallas.edu 1732842149.64 1732842156.12 1 0.0590119361877 6.41593694687 0.00184798240662 0.00553011894226 0.000619888305664 6.39089608192 0.0 0.0 0.0 0.0 0.0 0.0 0.0 0.0}
replayTaskStats OAI22 delay__B__lh__OUT__hl__ACQ_1 {0.06 0.0 5.92 0.62 1 6.54933786392 engnx03a.utdallas.edu 1732842156.12 1732842162.67 1 0.0385329723358 6.50840115547 0.00217199325562 0.00570487976074 0.000624895095825 6.48432302475 0.0 0.0 0.0 0.0 0.0 0.0 0.0 0.0}
replayTaskStats OAI22 delay__C__hl__OUT__lh__ACQ_1 {0.06 0.01 5.94 0.62 1 6.57865595818 engnx03a.utdallas.edu 1732842162.67 1732842169.25 1 0.0439372062683 6.53226208687 0.00214195251465 0.00554800033569 0.000642061233521 6.50806093216 0.0 0.0 0.0 0.0 0.0 0.0 0.0 0.0}
replayTaskStats OAI22 delay__C__lh__OUT__hl__ACQ_1 {0.06 0.01 5.9 0.63 1 6.54706096649 engnx03a.utdallas.edu 1732842169.25 1732842175.79 1 0.0392150878906 6.50523805618 0.00195097923279 0.00580310821533 0.00061297416687 6.48117184639 0.0 0.0 0.0 0.0 0.0 0.0 0.0 0.0}
replayTaskStats OAI22 delay__D__hl__OUT__lh__ACQ_1 {0.06 0.0 5.87 0.59 1 6.46538805962 engnx03a.utdallas.edu 1732842175.79 1732842182.26 1 0.0405750274658 6.42233204842 0.00180602073669 0.00550508499146 0.000637054443359 6.39872193336 0.0 0.0 0.0 0.0 0.0 0.0 0.0 0.0}
replayTaskStats OAI22 leakage_power__ACQ_1 {0.04 0.01 5.73 0.61 1 6.34019589424 engnx03a.utdallas.edu 1732842188.71 1732842195.05 1 0.0295698642731 6.30798602104 0.00202989578247 0.00402092933655 0.0022189617157 6.28894209862 0.0 0.0 0.0 0.0 0.0 0.0 0.0 0.0}
replayTaskStats OAI22 delay__D__lh__OUT__hl__ACQ_1 {0.06 0.01 5.86 0.58 1 6.44832611084 engnx03a.utdallas.edu 1732842182.26 1732842188.71 1 0.0397250652313 6.40617895126 0.00186109542847 0.0054669380188 0.000625133514404 6.38271999359 0.0 0.0 0.0 0.0 0.0 0.0 0.0 0.0}
replayTaskStats OAI22 Cin__VSS__hl__ACQ_1 {0.05 0.0 5.62 0.61 1 6.24989295006 engnx03a.utdallas.edu 1732842195.05 1732842201.3 1 0.0376119613647 6.20984196663 0.00209188461304 0.0036518573761 0.000617027282715 6.19238400459 0.0 0.0 0.0 0.0 0.0 0.0 0.0 0.0}
replayTaskStats OAI22 Cin__VSS__lh__ACQ_1 {0.04 0.01 5.55 0.66 1 6.20846700668 engnx03a.utdallas.edu 1732842201.3 1732842207.51 1 0.0334599018097 6.17262506485 0.00201606750488 0.00356888771057 0.000602006912231 6.1557559967 0.0 0.0 0.0 0.0 0.0 0.0 0.0 0.0}
replayTaskStats OAI22 Cin__VDD__hl__ACQ_1 {0.04 0.01 5.73 0.63 1 6.35721611977 engnx03a.utdallas.edu 1732842207.51 1732842213.87 1 0.0331041812897 6.321641922 0.00215101242065 0.00382208824158 0.000619173049927 6.30422711372 0.0 0.0 0.0 0.0 0.0 0.0 0.0 0.0}
replayTaskStats OAI22 Cin__VDD__lh__ACQ_1 {0.04 0.01 5.76 0.62 1 6.37976193428 engnx03a.utdallas.edu 1732842213.87 1732842220.25 1 0.0327370166779 6.3445751667 0.00215697288513 0.00425601005554 0.000627040863037 6.3264439106 0.0 0.0 0.0 0.0 0.0 0.0 0.0 0.0}
replayTaskStats OAI22 modeling {0.25 0.01 0.0 0.0 1 0.283684015274 engnx03a.utdallas.edu 1732842249.7 1732842249.99 1}
