replayTaskStats NAND3 configure {0.13 0.0 0.0 0.0 1 0.154714107513 engnx03a.utdallas.edu 1731202722.19 1731202722.35 1}
replayTaskStats NAND3 leakage_power__ACQ_1 {0.09 0.01 5.75 0.68 1 6.57683682442 engnx03a.utdallas.edu 1731202913.04 1731202919.62 1 0.0669689178467 6.50726699829 0.00231289863586 0.00525784492493 0.00295400619507 6.386054039 0.0 0.0 0.0 0.0 0.0 0.0 0.0 0.0}
replayTaskStats NAND3 delay__VA__lh__OUT__hl__ACQ_1 {0.08 0.02 5.95 0.66 1 6.65864300728 engnx03a.utdallas.edu 1731202919.62 1731202926.28 1 0.068174123764 6.58751416206 0.00257205963135 0.00643086433411 0.000824928283691 6.55848503113 0.0 0.0 0.0 0.0 0.0 0.0 0.0 0.0}
replayTaskStats NAND3 delay__VA__hl__OUT__lh__ACQ_1 {0.07 0.01 6.01 0.68 1 6.71968889236 engnx03a.utdallas.edu 1731202926.28 1731202933.0 1 0.0430181026459 6.67385482788 0.00211787223816 0.0076699256897 0.000761985778809 6.64403820038 0.0 0.0 0.0 0.0 0.0 0.0 0.0 0.0}
replayTaskStats NAND3 delay__VB__lh__OUT__hl__ACQ_1 {0.06 0.01 5.98 0.67 1 6.65068697929 engnx03a.utdallas.edu 1731202933.0 1731202939.65 1 0.0395929813385 6.60849690437 0.00208687782288 0.00585508346558 0.000708103179932 6.58251190186 0.0 0.0 0.0 0.0 0.0 0.0 0.0 0.0}
replayTaskStats NAND3 delay__VB__hl__OUT__lh__ACQ_1 {0.06 0.0 6.03 0.73 1 6.77848577499 engnx03a.utdallas.edu 1731202939.65 1731202946.43 1 0.0377590656281 6.73812699318 0.00219821929932 0.00692391395569 0.000717878341675 6.71133112907 0.0 0.0 0.0 0.0 0.0 0.0 0.0 0.0}
replayTaskStats NAND3 delay__VC__lh__OUT__hl__ACQ_1 {0.06 0.01 6.01 0.7 1 6.72723889351 engnx03a.utdallas.edu 1731202946.43 1731202953.16 1 0.0397329330444 6.68488717079 0.00226211547852 0.00676393508911 0.000725984573364 6.65803194046 0.0 0.0 0.0 0.0 0.0 0.0 0.0 0.0}
replayTaskStats NAND3 delay__VC__hl__OUT__lh__ACQ_1 {0.06 0.0 5.92 0.66 1 6.59207010269 engnx03a.utdallas.edu 1731202953.16 1731202959.75 1 0.0384378433228 6.5510058403 0.00222682952881 0.00615882873535 0.000725030899048 6.52396202087 0.0 0.0 0.0 0.0 0.0 0.0 0.0 0.0}
replayTaskStats NAND3 Cin__VSS__lh__ACQ_1 {0.06 0.01 5.8 0.66 1 6.46290206909 engnx03a.utdallas.edu 1731202959.75 1731202966.21 1 0.0367498397827 6.42349696159 0.00220489501953 0.00458097457886 0.000732898712158 6.40346908569 0.0 0.0 0.0 0.0 0.0 0.0 0.0 0.0}
replayTaskStats NAND3 Cin__VSS__hl__ACQ_1 {0.04 0.01 6.05 0.66 1 6.71431493759 engnx03a.utdallas.edu 1731202966.22 1731202972.93 1 0.0328359603882 6.67894911766 0.00214886665344 0.0039370059967 0.00064492225647 6.6604809761 0.0 0.0 0.0 0.0 0.0 0.0 0.0 0.0}
replayTaskStats NAND3 Cin__VDD__lh__ACQ_1 {0.05 0.0 5.9 0.67 1 6.56648588181 engnx03a.utdallas.edu 1731202972.93 1731202979.5 1 0.0306930541992 6.53332591057 0.00210499763489 0.00485491752625 0.000647068023682 6.51435613632 0.0 0.0 0.0 0.0 0.0 0.0 0.0 0.0}
replayTaskStats NAND3 Cin__VDD__hl__ACQ_1 {0.04 0.01 5.94 0.68 1 6.63061213493 engnx03a.utdallas.edu 1731202979.5 1731202986.13 1 0.0315661430359 6.59636497498 0.00201487541199 0.00424385070801 0.000648021697998 6.57822990417 0.0 0.0 0.0 0.0 0.0 0.0 0.0 0.0}
replayTaskStats NAND3 configure {0.16 0.01 0.0 0.0 1 0.204628944397 engnx03a.utdallas.edu 1732386742.63 1732386742.83 1}
replayTaskStats NAND3 configure {0.13 0.0 0.0 0.0 1 0.171083927155 engnx03a.utdallas.edu 1732387132.5 1732387132.67 1}
replayTaskStats NAND3 delay__VA__lh__OUT__hl__ACQ_1 {0.11 0.01 6.08 0.75 1 6.97580289841 engnx03a.utdallas.edu 1732387149.63 1732387156.6 1 0.0837118625641 6.88882088661 0.00224208831787 0.00813007354736 0.000914812088013 6.75908684731 0.0 0.0 0.0 0.0 0.0 0.0 0.0 0.0}
replayTaskStats NAND3 delay__VA__hl__OUT__lh__ACQ_1 {0.06 0.01 6.12 0.68 1 6.82942891121 engnx03a.utdallas.edu 1732387156.6 1732387163.43 1 0.0580790042877 6.76881599426 0.0021288394928 0.00715708732605 0.000702142715454 6.74038481712 0.0 0.0 0.0 0.0 0.0 0.0 0.0 0.0}
replayTaskStats NAND3 delay__VB__lh__OUT__hl__ACQ_1 {0.07 0.0 6.11 0.63 1 6.77285504341 engnx03a.utdallas.edu 1732387163.43 1732387170.2 1 0.0525510311127 6.7169470787 0.00256991386414 0.00727796554565 0.000835180282593 6.6876680851 0.0 0.0 0.0 0.0 0.0 0.0 0.0 0.0}
replayTaskStats NAND3 delay__VB__hl__OUT__lh__ACQ_1 {0.09 0.03 5.93 0.71 1 6.70073008537 engnx03a.utdallas.edu 1732387170.21 1732387176.91 1 0.0881509780884 6.6095559597 0.00199913978577 0.00646591186523 0.000736951828003 6.58099102974 0.0 0.0 0.0 0.0 0.0 0.0 0.0 0.0}
replayTaskStats NAND3 delay__VC__lh__OUT__hl__ACQ_1 {0.06 0.01 6.07 0.68 1 6.77946805954 engnx03a.utdallas.edu 1732387176.91 1732387183.69 1 0.0573308467865 6.71949100494 0.00205516815186 0.00672006607056 0.000669002532959 6.69377207756 0.0 0.0 0.0 0.0 0.0 0.0 0.0 0.0}
replayTaskStats NAND3 leakage_power__ACQ_1 {0.05 0.01 5.74 0.68 1 6.41509413719 engnx03a.utdallas.edu 1732387190.3 1732387196.72 1 0.0285410881042 6.3838801384 0.00190091133118 0.00542688369751 0.00252509117126 6.36300611496 0.0 0.0 0.0 0.0 0.0 0.0 0.0 0.0}
replayTaskStats NAND3 delay__VC__hl__OUT__lh__ACQ_1 {0.05 0.0 5.91 0.7 1 6.6137368679 engnx03a.utdallas.edu 1732387183.69 1732387190.3 1 0.039617061615 6.57164287567 0.00190186500549 0.00642681121826 0.000640153884888 6.5466799736 0.0 0.0 0.0 0.0 0.0 0.0 0.0 0.0}
replayTaskStats NAND3 Cin__VSS__lh__ACQ_1 {0.05 0.01 6.14 0.69 1 6.84842205048 engnx03a.utdallas.edu 1732387196.72 1732387203.57 1 0.0357358455658 6.81017613411 0.00190997123718 0.00514507293701 0.000661134719849 6.79094696045 0.0 0.0 0.0 0.0 0.0 0.0 0.0 0.0}
replayTaskStats NAND3 Cin__VSS__hl__ACQ_1 {0.04 0.01 5.85 0.68 1 6.54520606995 engnx03a.utdallas.edu 1732387203.57 1732387210.11 1 0.0418519973755 6.50064516068 0.00204682350159 0.0065598487854 0.000725030899048 6.47827196121 0.0 0.0 0.0 0.0 0.0 0.0 0.0 0.0}
replayTaskStats NAND3 Cin__VDD__lh__ACQ_1 {0.05 0.0 5.8 0.68 1 6.51065206528 engnx03a.utdallas.edu 1732387210.11 1732387216.62 1 0.0531680583954 6.45490908623 0.00223898887634 0.00513386726379 0.000684976577759 6.43432497978 0.0 0.0 0.0 0.0 0.0 0.0 0.0 0.0}
replayTaskStats NAND3 Cin__VDD__hl__ACQ_1 {0.05 0.01 6.0 0.7 1 6.76213598251 engnx03a.utdallas.edu 1732387216.62 1732387223.39 1 0.0936172008514 6.6659579277 0.00196504592896 0.00536394119263 0.000687122344971 6.64593601227 0.0 0.0 0.0 0.0 0.0 0.0 0.0 0.0}
replayTaskStats NAND3 modeling {0.18 0.0 0.0 0.0 1 0.228631973267 engnx03a.utdallas.edu 1732387253.63 1732387253.86 1}
