replayTaskStats OAI12 configure {0.13 0.02 0.0 0.0 1 0.166326999664 engnx03a.utdallas.edu 1732841570.33 1732841570.49 1}
replayTaskStats OAI12 delay__B__lh__OUT__hl__ACQ_1 {0.12 0.01 5.95 0.66 1 6.85262799263 engnx03a.utdallas.edu 1732841581.52 1732841588.37 1 0.0879621505737 6.76125407219 0.00222897529602 0.00612902641296 0.000854969024658 6.63503313065 0.0 0.0 0.0 0.0 0.0 0.0 0.0 0.0}
replayTaskStats OAI12 delay__B__hl__OUT__lh__ACQ_1 {0.06 0.0 5.91 0.59 1 6.49893712997 engnx03a.utdallas.edu 1732841588.37 1732841594.87 1 0.0368590354919 6.45967888832 0.00193881988525 0.00576782226562 0.000636100769043 6.43543195724 0.0 0.0 0.0 0.0 0.0 0.0 0.0 0.0}
replayTaskStats OAI12 delay__C__lh__OUT__hl__ACQ_1 {0.05 0.01 5.79 0.6 1 6.40488100052 engnx03a.utdallas.edu 1732841594.87 1732841601.27 1 0.036159992218 6.3661210537 0.00198411941528 0.00542211532593 0.000642061233521 6.34211015701 0.0 0.0 0.0 0.0 0.0 0.0 0.0 0.0}
replayTaskStats OAI12 delay__C__hl__OUT__lh__ACQ_1 {0.07 0.01 5.72 0.63 1 6.37711310387 engnx03a.utdallas.edu 1732841601.27 1732841607.65 1 0.052078962326 6.32253193855 0.00210213661194 0.00578999519348 0.00364780426025 6.29410600662 0.0 0.0 0.0 0.0 0.0 0.0 0.0 0.0}
replayTaskStats OAI12 delay__A__lh__OUT__hl__ACQ_1 {0.05 0.01 5.75 0.66 1 6.40854716301 engnx03a.utdallas.edu 1732841607.65 1732841614.06 1 0.0377900600433 6.36811089516 0.00209307670593 0.00632095336914 0.000766038894653 6.34190106392 0.0 0.0 0.0 0.0 0.0 0.0 0.0 0.0}
replayTaskStats OAI12 delay__A__hl__OUT__lh__ACQ_1 {0.06 0.0 5.78 0.6 1 6.40963482857 engnx03a.utdallas.edu 1732841614.06 1732841620.47 1 0.0398199558258 6.36718893051 0.00202679634094 0.00597310066223 0.000724077224731 6.34171199799 0.0 0.0 0.0 0.0 0.0 0.0 0.0 0.0}
replayTaskStats OAI12 leakage_power__ACQ_1 {0.05 0.01 5.85 0.63 1 6.47672104836 engnx03a.utdallas.edu 1732841620.47 1732841626.95 1 0.028244972229 6.44560098648 0.00206089019775 0.00427198410034 0.00260305404663 6.42499804497 0.0 0.0 0.0 0.0 0.0 0.0 0.0 0.0}
replayTaskStats OAI12 Cin__VSS__lh__ACQ_1 {0.05 0.0 5.72 0.67 1 6.3965690136 engnx03a.utdallas.edu 1732841626.95 1732841633.34 1 0.0371670722961 6.35540604591 0.00217390060425 0.00446701049805 0.000828981399536 6.33536481857 0.0 0.0 0.0 0.0 0.0 0.0 0.0 0.0}
replayTaskStats OAI12 Cin__VSS__hl__ACQ_1 {0.05 0.01 5.81 0.67 1 6.47809696198 engnx03a.utdallas.edu 1732841633.35 1732841639.82 1 0.032910823822 6.44256997108 0.00205492973328 0.00466799736023 0.000892877578735 6.42243099213 0.0 0.0 0.0 0.0 0.0 0.0 0.0 0.0}
replayTaskStats OAI12 Cin__VDD__lh__ACQ_1 {0.05 0.0 5.8 0.65 1 6.45838212967 engnx03a.utdallas.edu 1732841639.82 1732841646.28 1 0.0308899879456 6.42495107651 0.00218796730042 0.00417399406433 0.000696897506714 6.40599799156 0.0 0.0 0.0 0.0 0.0 0.0 0.0 0.0}
replayTaskStats OAI12 Cin__VDD__hl__ACQ_1 {0.04 0.01 5.95 0.62 1 6.57993817329 engnx03a.utdallas.edu 1732841646.28 1732841652.86 1 0.0313267707825 6.54609203339 0.00193500518799 0.00446605682373 0.000694036483765 6.5272629261 0.0 0.0 0.0 0.0 0.0 0.0 0.0 0.0}
replayTaskStats OAI12 modeling {0.18 0.01 0.0 0.0 1 0.19810795784 engnx03a.utdallas.edu 1732841685.76 1732841685.96 1}
