replayTaskStats AOI22 configure {0.17 0.0 0.0 0.0 1 0.19855093956 engnx03a.utdallas.edu 1731201002.8 1731201003.0 1}
replayTaskStats AOI22 delay__VA__hl__OUT__lh__ACQ_1 {0.13 0.01 6.2 0.77 1 7.13611483574 engnx03a.utdallas.edu 1731201012.23 1731201019.37 1 0.0918579101562 7.04099392891 0.00232911109924 0.00696802139282 0.000842094421387 6.9132039547 0.0 0.0 0.0 0.0 0.0 0.0 0.0 0.0}
replayTaskStats AOI22 delay__VA__lh__OUT__hl__ACQ_1 {0.06 0.0 5.88 0.68 1 6.58328986168 engnx03a.utdallas.edu 1731201019.37 1731201025.95 1 0.0414819717407 6.53933477402 0.00200891494751 0.00572204589844 0.000654935836792 6.51464319229 0.0 0.0 0.0 0.0 0.0 0.0 0.0 0.0}
replayTaskStats AOI22 delay__VB__hl__OUT__lh__ACQ_1 {0.07 0.01 5.97 0.69 1 6.68265485764 engnx03a.utdallas.edu 1731201025.95 1731201032.64 1 0.0535271167755 6.62663507462 0.0019359588623 0.00587916374207 0.000653982162476 6.60159897804 0.0 0.0 0.0 0.0 0.0 0.0 0.0 0.0}
replayTaskStats AOI22 delay__VB__lh__OUT__hl__ACQ_1 {0.06 0.01 6.01 0.72 1 6.73616099358 engnx03a.utdallas.edu 1731201032.64 1731201039.37 1 0.0396909713745 6.69370818138 0.00195980072021 0.00564312934875 0.000740051269531 6.66546106339 0.0 0.0 0.0 0.0 0.0 0.0 0.0 0.0}
replayTaskStats AOI22 delay__VC__hl__OUT__lh__ACQ_1 {0.06 0.01 5.89 0.67 1 6.59228515625 engnx03a.utdallas.edu 1731201039.37 1731201045.96 1 0.0429890155792 6.54667210579 0.00273203849792 0.00576615333557 0.000651836395264 6.52035713196 0.0 0.0 0.0 0.0 0.0 0.0 0.0 0.0}
replayTaskStats AOI22 delay__VC__lh__OUT__hl__ACQ_1 {0.06 0.0 6.02 0.7 1 6.72720503807 engnx03a.utdallas.edu 1731201045.97 1731201052.69 1 0.0396280288696 6.68500590324 0.00193214416504 0.00633907318115 0.00062894821167 6.66038799286 0.0 0.0 0.0 0.0 0.0 0.0 0.0 0.0}
replayTaskStats AOI22 delay__VD__hl__OUT__lh__ACQ_1 {0.06 0.01 6.01 0.69 1 6.71489500999 engnx03a.utdallas.edu 1731201052.69 1731201059.41 1 0.0408089160919 6.67163801193 0.00213599205017 0.00802111625671 0.000641107559204 6.6450150013 0.0 0.0 0.0 0.0 0.0 0.0 0.0 0.0}
replayTaskStats AOI22 delay__VD__lh__OUT__hl__ACQ_1 {0.06 0.01 6.08 0.71 1 6.79198694229 engnx03a.utdallas.edu 1731201059.41 1731201066.2 1 0.0401840209961 6.74929285049 0.00211596488953 0.00605583190918 0.000656127929688 6.72461700439 0.0 0.0 0.0 0.0 0.0 0.0 0.0 0.0}
replayTaskStats AOI22 leakage_power__ACQ_1 {0.05 0.0 5.97 0.68 1 6.67999696732 engnx03a.utdallas.edu 1731201066.2 1731201072.88 1 0.0304839611053 6.64647507668 0.00248908996582 0.00432205200195 0.00286793708801 6.62422680855 0.0 0.0 0.0 0.0 0.0 0.0 0.0 0.0}
replayTaskStats AOI22 Cin__VSS__hl__ACQ_1 {0.06 0.01 5.73 0.71 1 6.46613407135 engnx03a.utdallas.edu 1731201072.88 1731201079.35 1 0.0461568832397 6.4172308445 0.00224304199219 0.00465488433838 0.000738859176636 6.39389300346 0.0 0.0 0.0 0.0 0.0 0.0 0.0 0.0}
replayTaskStats AOI22 Cin__VSS__lh__ACQ_1 {0.05 0.01 5.88 0.69 1 6.58064484596 engnx03a.utdallas.edu 1731201079.35 1731201085.93 1 0.0357639789581 6.54193496704 0.00198483467102 0.0044891834259 0.000695943832397 6.52280116081 0.0 0.0 0.0 0.0 0.0 0.0 0.0 0.0}
replayTaskStats AOI22 Cin__VDD__hl__ACQ_1 {0.05 0.0 5.79 0.72 1 6.50506496429 engnx03a.utdallas.edu 1731201085.93 1731201092.43 1 0.035266160965 6.46707987785 0.00228905677795 0.00451612472534 0.000710964202881 6.44784903526 0.0 0.0 0.0 0.0 0.0 0.0 0.0 0.0}
replayTaskStats AOI22 Cin__VDD__lh__ACQ_1 {0.05 0.01 5.88 0.69 1 6.58034610748 engnx03a.utdallas.edu 1731201092.44 1731201099.02 1 0.0390450954437 6.53878903389 0.00188779830933 0.00400900840759 0.000638008117676 6.51963400841 0.0 0.0 0.0 0.0 0.0 0.0 0.0 0.0}
replayTaskStats AOI22 modeling {0.2 0.01 0.0 0.0 1 0.223546981812 engnx03a.utdallas.edu 1731201444.98 1731201445.2 1}
