replayTaskStats Flip_Flop configure {0.28 0.01 0.01 0.03 1 0.416217088699 engnx03a.utdallas.edu 1732832193.28 1732832193.69 1}
replayTaskStats Flip_Flop initialization__ACQ_7 {0.09 0.02 6.1 0.68 1 6.9238679409 engnx03a.utdallas.edu 1732832199.85 1732832206.78 1 0.0685219764709 6.85211086273 0.00409817695618 0.00444984436035 0.00177812576294 6.73207092285 0.0 0.0 0.0 0.0 0.0 0.0 0.0 0.0}
replayTaskStats Flip_Flop initialization__ACQ_6 {0.04 0.01 5.98 0.67 1 6.63854598999 engnx03a.utdallas.edu 1732832206.78 1732832213.42 1 0.028678894043 6.60736513138 0.00472784042358 0.00453901290894 0.00154304504395 6.58504199982 0.0 0.0 0.0 0.0 0.0 0.0 0.0 0.0}
replayTaskStats Flip_Flop initialization__ACQ_4 {0.04 0.01 5.92 0.68 1 6.60521101952 engnx03a.utdallas.edu 1732832213.42 1732832220.02 1 0.0284340381622 6.57433986664 0.00384306907654 0.00378704071045 0.00144004821777 6.55378484726 0.0 0.0 0.0 0.0 0.0 0.0 0.0 0.0}
replayTaskStats Flip_Flop initialization__ACQ_5 {0.06 0.01 5.92 0.65 1 6.57873392105 engnx03a.utdallas.edu 1732832220.02 1732832226.6 1 0.0441250801086 6.5321419239 0.00393295288086 0.00416493415833 0.00146007537842 6.50911402702 0.0 0.0 0.0 0.0 0.0 0.0 0.0 0.0}
replayTaskStats Flip_Flop removal_hbm__R__hl__CLK__hl__ACQ_1 {0.06 0.0 10.02 0.75 1 10.7747170925 engnx03a.utdallas.edu 1732832226.6 1732832237.38 1 0.039892911911 10.732352972 0.0024790763855 0.00481104850769 0.00170087814331 10.7088391781 0.0 0.0 0.0 0.0 0.0 0.0 0.0 0.0}
replayTaskStats Flip_Flop recover_hbm__R__hl__CLK__hl__ACQ_1 {0.06 0.01 10.13 0.72 1 10.8796610832 engnx03a.utdallas.edu 1732832237.38 1732832248.26 1 0.0471799373627 10.8299219608 0.0020158290863 0.00487685203552 0.00213313102722 10.8017139435 0.0 0.0 0.0 0.0 0.0 0.0 0.0 0.0}
replayTaskStats Flip_Flop initialization__ACQ_1 {0.04 0.0 5.95 0.64 1 6.5953681469 engnx03a.utdallas.edu 1732832248.26 1732832254.85 1 0.027517080307 6.56473183632 0.00384783744812 0.00423407554626 0.00167989730835 6.54304504395 0.0 0.0 0.0 0.0 0.0 0.0 0.0 0.0}
replayTaskStats Flip_Flop initialization__ACQ_2 {0.05 0.01 5.93 0.64 1 6.57331418991 engnx03a.utdallas.edu 1732832254.85 1732832261.43 1 0.0292029380798 6.54156494141 0.00390195846558 0.00440001487732 0.00162577629089 6.5196659565 0.0 0.0 0.0 0.0 0.0 0.0 0.0 0.0}
replayTaskStats Flip_Flop initialization__ACQ_3 {0.04 0.0 6.14 0.64 1 6.7728369236 engnx03a.utdallas.edu 1732832261.43 1732832268.2 1 0.0287420749664 6.74154996872 0.00428199768066 0.00431299209595 0.00155520439148 6.71953701973 0.0 0.0 0.0 0.0 0.0 0.0 0.0 0.0}
replayTaskStats Flip_Flop setup_hbm__D__lh__CLK__hl__ACQ_1 {0.07 0.01 10.41 0.74 1 11.1650900841 engnx03a.utdallas.edu 1732832268.2 1732832279.37 1 0.0408890247345 11.1217148304 0.00220012664795 0.00468492507935 0.00193500518799 11.0948519707 0.0 0.0 0.0 0.0 0.0 0.0 0.0 0.0}
replayTaskStats Flip_Flop setup_hbm__D__hl__CLK__hl__ACQ_1 {0.06 0.01 9.98 0.7 1 10.7028307915 engnx03a.utdallas.edu 1732832279.37 1732832290.07 1 0.0395090579987 10.6602859497 0.00269198417664 0.00486993789673 0.00233101844788 10.6308422089 0.0 0.0 0.0 0.0 0.0 0.0 0.0 0.0}
replayTaskStats Flip_Flop ncmpw_hbm__CLK__lh__CLK__hl__ACQ_1 {0.06 0.0 6.68 0.65 1 7.34144616127 engnx03a.utdallas.edu 1732832290.07 1732832297.41 1 0.0379519462585 7.30070185661 0.00190281867981 0.00428605079651 0.00150299072266 7.27747011185 0.0 0.0 0.0 0.0 0.0 0.0 0.0 0.0}
replayTaskStats Flip_Flop cmpw_hbm__CLK__hl__CLK__lh__ACQ_1 {0.05 0.01 6.31 0.68 1 7.00633478165 engnx03a.utdallas.edu 1732832297.41 1732832304.42 1 0.0386219024658 6.96511793137 0.00223398208618 0.00410914421082 0.00156211853027 6.94150686264 0.0 0.0 0.0 0.0 0.0 0.0 0.0 0.0}
replayTaskStats Flip_Flop hold_hbm__D__hl__CLK__hl__ACQ_1 {0.06 0.01 9.68 0.69 1 10.3820052147 engnx03a.utdallas.edu 1732832304.42 1732832314.8 1 0.0415110588074 10.3379330635 0.00202894210815 0.00461006164551 0.00205087661743 10.3124320507 0.0 0.0 0.0 0.0 0.0 0.0 0.0 0.0}
replayTaskStats Flip_Flop cmpw_hbm__R__lh__R__hl__ACQ_1 {0.06 0.01 6.26 0.66 1 6.93241500854 engnx03a.utdallas.edu 1732832314.8 1732832321.74 1 0.0359480381012 6.89372992516 0.00187706947327 0.00454115867615 0.0014660358429 6.8703110218 0.0 0.0 0.0 0.0 0.0 0.0 0.0 0.0}
replayTaskStats Flip_Flop hold_hbm__D__lh__CLK__hl__ACQ_1 {0.06 0.0 9.84 0.75 1 10.6017370224 engnx03a.utdallas.edu 1732832321.74 1732832332.34 1 0.0408999919891 10.5583310127 0.00189995765686 0.00464010238647 0.00192189216614 10.5323460102 0.0 0.0 0.0 0.0 0.0 0.0 0.0 0.0}
replayTaskStats Flip_Flop delay__CLK__hl__Q__lh__ACQ_1 {0.05 0.01 6.61 0.66 1 7.28593802452 engnx03a.utdallas.edu 1732832332.34 1732832339.62 1 0.0385499000549 7.2448580265 0.00237894058228 0.0060179233551 0.000709056854248 7.21852397919 0.0 0.0 0.0 0.0 0.0 0.0 0.0 0.0}
replayTaskStats Flip_Flop delay__R__lh__Q__hl__ACQ_1 {0.06 0.01 6.55 0.68 1 7.24599409103 engnx03a.utdallas.edu 1732832339.62 1732832346.87 1 0.0399379730225 7.20350003242 0.00208687782288 0.0058159828186 0.000740051269531 7.17775201797 0.0 0.0 0.0 0.0 0.0 0.0 0.0 0.0}
replayTaskStats Flip_Flop delay__CLK__hl__Q__hl__ACQ_1 {0.06 0.01 6.8 0.64 1 7.46387410164 engnx03a.utdallas.edu 1732832346.87 1732832354.34 1 0.0399401187897 7.4213039875 0.00202298164368 0.0058228969574 0.00075888633728 7.39529109001 0.0 0.0 0.0 0.0 0.0 0.0 0.0 0.0}
replayTaskStats Flip_Flop leakage_power__ACQ_1 {0.48 0.07 63.29 6.47 1 69.8052749634 engnx03a.utdallas.edu 1732832354.34 1732832424.14 1 0.0291309356689 7.49746990204 0.00200819969177 0.00539088249207 0.00183987617493 69.2308428288 0.0 0.0 0.0 0.0 0.0 0.0 0.0 0.0}
replayTaskStats Flip_Flop leakage_power__ACQ_1 {0.48 0.07 63.29 6.47 1 69.8057768345 engnx03a.utdallas.edu 1732832354.34 1732832424.14 1 0.0291309356689 7.49746990204 0.00200819969177 0.00539088249207 0.00183987617493 69.2308428288 0.0 0.0 0.0 0.0 0.0 0.0 0.0 0.0}
replayTaskStats Flip_Flop leakage_power__ACQ_1 {0.48 0.07 63.29 6.47 1 69.8062558174 engnx03a.utdallas.edu 1732832354.34 1732832424.14 1 0.0291309356689 7.49746990204 0.00200819969177 0.00539088249207 0.00183987617493 69.2308428288 0.0 0.0 0.0 0.0 0.0 0.0 0.0 0.0}
replayTaskStats Flip_Flop leakage_power__ACQ_1 {0.48 0.07 63.29 6.47 1 69.8067619801 engnx03a.utdallas.edu 1732832354.34 1732832424.14 1 0.0291309356689 7.49746990204 0.00200819969177 0.00539088249207 0.00183987617493 69.2308428288 0.0 0.0 0.0 0.0 0.0 0.0 0.0 0.0}
replayTaskStats Flip_Flop leakage_power__ACQ_1 {0.48 0.07 63.29 6.47 1 69.8072369099 engnx03a.utdallas.edu 1732832354.34 1732832424.14 1 0.0291309356689 7.49746990204 0.00200819969177 0.00539088249207 0.00183987617493 69.2308428288 0.0 0.0 0.0 0.0 0.0 0.0 0.0 0.0}
replayTaskStats Flip_Flop leakage_power__ACQ_1 {0.48 0.07 63.29 6.47 1 69.8077068329 engnx03a.utdallas.edu 1732832354.34 1732832424.14 1 0.0291309356689 7.49746990204 0.00200819969177 0.00539088249207 0.00183987617493 69.2308428288 0.0 0.0 0.0 0.0 0.0 0.0 0.0 0.0}
replayTaskStats Flip_Flop leakage_power__ACQ_1 {0.48 0.07 63.29 6.47 1 69.8081769943 engnx03a.utdallas.edu 1732832354.34 1732832424.14 1 0.0291309356689 7.49746990204 0.00200819969177 0.00539088249207 0.00183987617493 69.2308428288 0.0 0.0 0.0 0.0 0.0 0.0 0.0 0.0}
replayTaskStats Flip_Flop leakage_power__ACQ_1 {0.48 0.07 63.29 6.47 1 69.8086497784 engnx03a.utdallas.edu 1732832354.34 1732832424.14 1 0.0291309356689 7.49746990204 0.00200819969177 0.00539088249207 0.00183987617493 69.2308428288 0.0 0.0 0.0 0.0 0.0 0.0 0.0 0.0}
replayTaskStats Flip_Flop leakage_power__ACQ_1 {0.48 0.07 63.29 6.47 1 69.8091218472 engnx03a.utdallas.edu 1732832354.34 1732832424.15 1 0.0291309356689 7.49746990204 0.00200819969177 0.00539088249207 0.00183987617493 69.2308428288 0.0 0.0 0.0 0.0 0.0 0.0 0.0 0.0}
replayTaskStats Flip_Flop leakage_power__ACQ_1 {0.48 0.07 63.29 6.47 1 69.809581995 engnx03a.utdallas.edu 1732832354.34 1732832424.15 1 0.0291309356689 7.49746990204 0.00200819969177 0.00539088249207 0.00183987617493 69.2308428288 0.0 0.0 0.0 0.0 0.0 0.0 0.0 0.0}
replayTaskStats Flip_Flop Cin__D__hl__ACQ_1 {0.05 0.0 6.07 0.67 1 6.74553799629 engnx03a.utdallas.edu 1732832424.15 1732832430.89 1 0.0363779067993 6.70647382736 0.00211906433105 0.00416684150696 0.000688791275024 6.68765115738 0.0 0.0 0.0 0.0 0.0 0.0 0.0 0.0}
replayTaskStats Flip_Flop Cin__D__lh__ACQ_1 {0.05 0.01 5.92 0.64 1 6.56159710884 engnx03a.utdallas.edu 1732832430.89 1732832437.45 1 0.0324800014496 6.52654790878 0.00219297409058 0.00441098213196 0.000738859176636 6.5074160099 0.0 0.0 0.0 0.0 0.0 0.0 0.0 0.0}
replayTaskStats Flip_Flop Cin__VSS__hl__ACQ_1 {0.05 0.01 6.2 0.67 1 6.8911948204 engnx03a.utdallas.edu 1732832437.46 1732832444.35 1 0.034462928772 6.8541431427 0.0020899772644 0.00424385070801 0.000672101974487 6.83508205414 0.0 0.0 0.0 0.0 0.0 0.0 0.0 0.0}
replayTaskStats Flip_Flop Cin__VSS__lh__ACQ_1 {0.04 0.0 5.95 0.68 1 6.62347793579 engnx03a.utdallas.edu 1732832444.35 1732832450.97 1 0.0318651199341 6.5891058445 0.00210499763489 0.00498080253601 0.000678062438965 6.56976008415 0.0 0.0 0.0 0.0 0.0 0.0 0.0 0.0}
replayTaskStats Flip_Flop Cin__CLK__lh__ACQ_1 {0.05 0.01 6.14 0.65 1 6.78298687935 engnx03a.utdallas.edu 1732832450.97 1732832457.75 1 0.0313279628754 6.74914908409 0.0019690990448 0.00428700447083 0.000677824020386 6.73070406914 0.0 0.0 0.0 0.0 0.0 0.0 0.0 0.0}
replayTaskStats Flip_Flop Cin__VDD__hl__ACQ_1 {0.04 0.0 6.18 0.64 1 6.83517813683 engnx03a.utdallas.edu 1732832457.75 1732832464.59 1 0.0327131748199 6.79994702339 0.00217008590698 0.00431609153748 0.000705003738403 6.78120398521 0.0 0.0 0.0 0.0 0.0 0.0 0.0 0.0}
replayTaskStats Flip_Flop Cin__VDD__lh__ACQ_1 {0.05 0.01 6.04 0.65 1 6.68436908722 engnx03a.utdallas.edu 1732832464.59 1732832471.27 1 0.0316600799561 6.64985895157 0.00214505195618 0.00441884994507 0.000689029693604 6.63091087341 0.0 0.0 0.0 0.0 0.0 0.0 0.0 0.0}
replayTaskStats Flip_Flop Cin__R__hl__ACQ_1 {0.05 0.01 5.76 0.69 1 6.44822502136 engnx03a.utdallas.edu 1732832471.28 1732832477.72 1 0.0351259708405 6.41061806679 0.00214982032776 0.00404214859009 0.000663042068481 6.39164113998 0.0 0.0 0.0 0.0 0.0 0.0 0.0 0.0}
replayTaskStats Flip_Flop modeling {0.23 0.02 0.0 0.0 1 0.367614984512 engnx03a.utdallas.edu 1732832663.31 1732832663.68 1}
