replayTaskStats NAND3 configure {0.14 0.02 0.0 0.0 1 0.17182803154 engnx03a.utdallas.edu 1732838752.86 1732838753.04 1}
replayTaskStats NAND3 delay__B__lh__OUT__hl__ACQ_1 {0.11 0.01 6.11 0.67 1 6.93837094307 engnx03a.utdallas.edu 1732838764.33 1732838771.27 1 0.0861377716064 6.84890413284 0.00226998329163 0.00696206092834 0.000948190689087 6.72848391533 0.0 0.0 0.0 0.0 0.0 0.0 0.0 0.0}
replayTaskStats NAND3 delay__B__hl__OUT__lh__ACQ_1 {0.06 0.01 6.05 0.65 1 6.7159268856 engnx03a.utdallas.edu 1732838771.27 1732838777.98 1 0.0385398864746 6.67487883568 0.00222587585449 0.00592708587646 0.000687122344971 6.64999723434 0.0 0.0 0.0 0.0 0.0 0.0 0.0 0.0}
replayTaskStats NAND3 delay__C__lh__OUT__hl__ACQ_1 {0.06 0.0 5.98 0.61 1 6.60067009926 engnx03a.utdallas.edu 1732838777.98 1732838784.58 1 0.0374548435211 6.56056499481 0.00185394287109 0.00581908226013 0.000690937042236 6.53489995003 0.0 0.0 0.0 0.0 0.0 0.0 0.0 0.0}
replayTaskStats NAND3 delay__C__hl__OUT__lh__ACQ_1 {0.08 0.01 5.9 0.66 1 6.58350276947 engnx03a.utdallas.edu 1732838784.58 1732838791.17 1 0.0551218986511 6.52585887909 0.00181007385254 0.00587797164917 0.000653028488159 6.50043606758 0.0 0.0 0.0 0.0 0.0 0.0 0.0 0.0}
replayTaskStats NAND3 delay__A__lh__OUT__hl__ACQ_1 {0.06 0.01 5.81 0.67 1 6.50502490997 engnx03a.utdallas.edu 1732838791.17 1732838797.67 1 0.0425791740417 6.45957803726 0.0038959980011 0.00572180747986 0.000641822814941 6.43267512321 0.0 0.0 0.0 0.0 0.0 0.0 0.0 0.0}
replayTaskStats NAND3 leakage_power__ACQ_1 {0.04 0.0 5.71 0.62 1 6.32810688019 engnx03a.utdallas.edu 1732838804.12 1732838810.45 1 0.0287430286407 6.29656505585 0.00209212303162 0.00431990623474 0.00251197814941 6.27593398094 0.0 0.0 0.0 0.0 0.0 0.0 0.0 0.0}
replayTaskStats NAND3 delay__A__hl__OUT__lh__ACQ_1 {0.06 0.01 5.83 0.59 1 6.44416689873 engnx03a.utdallas.edu 1732838797.67 1732838804.12 1 0.0406589508057 6.40077495575 0.0019519329071 0.00603008270264 0.000708103179932 6.37511587143 0.0 0.0 0.0 0.0 0.0 0.0 0.0 0.0}
replayTaskStats NAND3 Cin__VSS__lh__ACQ_1 {0.06 0.01 5.7 0.65 1 6.36089205742 engnx03a.utdallas.edu 1732838810.45 1732838816.81 1 0.0394320487976 6.31894612312 0.00185799598694 0.00406980514526 0.000635147094727 6.30014514923 0.0 0.0 0.0 0.0 0.0 0.0 0.0 0.0}
replayTaskStats NAND3 Cin__VSS__hl__ACQ_1 {0.04 0.01 5.79 0.67 1 6.44561505318 engnx03a.utdallas.edu 1732838816.81 1732838823.26 1 0.0303170681 6.41263198853 0.00208497047424 0.00415897369385 0.000648975372314 6.39483118057 0.0 0.0 0.0 0.0 0.0 0.0 0.0 0.0}
replayTaskStats NAND3 Cin__VDD__lh__ACQ_1 {0.04 0.0 5.9 0.63 1 6.5386288166 engnx03a.utdallas.edu 1732838823.26 1732838829.79 1 0.0294790267944 6.50663495064 0.00226211547852 0.0042610168457 0.000633001327515 6.48864793777 0.0 0.0 0.0 0.0 0.0 0.0 0.0 0.0}
replayTaskStats NAND3 Cin__VDD__hl__ACQ_1 {0.05 0.01 5.73 0.63 1 6.35739803314 engnx03a.utdallas.edu 1732838829.8 1732838836.15 1 0.0315420627594 6.32334709167 0.00180220603943 0.004469871521 0.000633955001831 6.30538201332 0.0 0.0 0.0 0.0 0.0 0.0 0.0 0.0}
replayTaskStats NAND3 modeling {0.18 0.01 0.0 0.0 1 0.236261129379 engnx03a.utdallas.edu 1732838899.58 1732838899.82 1}
