replayTaskStats OAI12 configure {0.13 0.01 0.0 0.0 1 0.159035921097 engnx03a.utdallas.edu 1732984896.99 1732984897.15 1}
replayTaskStats OAI12 delay__B__lh__OUT__hl__ACQ_1 {0.1 0.02 5.94 0.74 1 6.82162809372 engnx03a.utdallas.edu 1732984904.54 1732984911.36 1 0.0820269584656 6.73630809784 0.00219798088074 0.00609993934631 0.000858068466187 6.60554599762 0.0 0.0 0.0 0.0 0.0 0.0 0.0 0.0}
replayTaskStats OAI12 delay__B__hl__OUT__lh__ACQ_1 {0.07 0.0 5.93 0.65 1 6.58614397049 engnx03a.utdallas.edu 1732984911.36 1732984917.95 1 0.0387380123138 6.54488587379 0.00188207626343 0.00540018081665 0.000648975372314 6.52053809166 0.0 0.0 0.0 0.0 0.0 0.0 0.0 0.0}
replayTaskStats OAI12 delay__C__lh__OUT__hl__ACQ_1 {0.05 0.01 5.82 0.68 1 6.50845122337 engnx03a.utdallas.edu 1732984917.95 1732984924.46 1 0.0362169742584 6.46972298622 0.00215601921082 0.00542497634888 0.000638008117676 6.44577980042 0.0 0.0 0.0 0.0 0.0 0.0 0.0 0.0}
replayTaskStats OAI12 delay__C__hl__OUT__lh__ACQ_1 {0.09 0.01 5.92 0.66 1 6.61105489731 engnx03a.utdallas.edu 1732984924.46 1732984931.07 1 0.0671000480652 6.5411939621 0.00211691856384 0.00613594055176 0.00111103057861 6.50817799568 0.0 0.0 0.0 0.0 0.0 0.0 0.0 0.0}
replayTaskStats OAI12 delay__A__lh__OUT__hl__ACQ_1 {0.06 0.01 5.9 0.64 1 6.55913710594 engnx03a.utdallas.edu 1732984931.07 1732984937.63 1 0.0413508415222 6.51507711411 0.0022280216217 0.00604319572449 0.000661849975586 6.48992085457 0.0 0.0 0.0 0.0 0.0 0.0 0.0 0.0}
replayTaskStats OAI12 leakage_power__ACQ_1 {0.04 0.0 5.83 0.65 1 6.48474097252 engnx03a.utdallas.edu 1732984944.11 1732984950.6 1 0.0269238948822 6.45517516136 0.00198101997375 0.00418901443481 0.00242400169373 6.43585109711 0.0 0.0 0.0 0.0 0.0 0.0 0.0 0.0}
replayTaskStats OAI12 delay__A__hl__OUT__lh__ACQ_1 {0.06 0.01 5.83 0.65 1 6.48348093033 engnx03a.utdallas.edu 1732984937.63 1732984944.11 1 0.0400669574738 6.44090199471 0.0019690990448 0.00574994087219 0.000635147094727 6.41676878929 0.0 0.0 0.0 0.0 0.0 0.0 0.0 0.0}
replayTaskStats OAI12 Cin__VSS__lh__ACQ_1 {0.05 0.01 5.81 0.67 1 6.48037004471 engnx03a.utdallas.edu 1732984950.6 1732984957.08 1 0.0335500240326 6.4443359375 0.00183606147766 0.00429487228394 0.000636100769043 6.42657804489 0.0 0.0 0.0 0.0 0.0 0.0 0.0 0.0}
replayTaskStats OAI12 Cin__VSS__hl__ACQ_1 {0.04 0.0 5.82 0.7 1 6.50881290436 engnx03a.utdallas.edu 1732984957.08 1732984963.59 1 0.030130147934 6.47597885132 0.00205612182617 0.00394582748413 0.000662088394165 6.45842289925 0.0 0.0 0.0 0.0 0.0 0.0 0.0 0.0}
replayTaskStats OAI12 Cin__VDD__lh__ACQ_1 {0.04 0.01 5.8 0.65 1 6.44932103157 engnx03a.utdallas.edu 1732984963.59 1732984970.04 1 0.030287027359 6.41646790504 0.00221300125122 0.00373983383179 0.000657081604004 6.39842510223 0.0 0.0 0.0 0.0 0.0 0.0 0.0 0.0}
replayTaskStats OAI12 Cin__VDD__hl__ACQ_1 {0.05 0.01 5.84 0.65 1 6.49166417122 engnx03a.utdallas.edu 1732984970.04 1732984976.53 1 0.0355248451233 6.45365691185 0.00201892852783 0.00393509864807 0.000663042068481 6.4356470108 0.0 0.0 0.0 0.0 0.0 0.0 0.0 0.0}
replayTaskStats OAI12 modeling {0.19 0.01 0.0 0.0 1 0.213776826859 engnx03a.utdallas.edu 1732985020.1 1732985020.31 1}
replayTaskStats OAI12 configure {0.13 0.02 0.0 0.0 1 0.183878898621 engnx01a.utdallas.edu 1733170035.56 1733170035.74 1}
replayTaskStats OAI12 delay__B__lh__OUT__hl__ACQ_1 {0.11 0.01 6.01 0.71 1 6.89736604691 engnx01a.utdallas.edu 1733170047.0 1733170053.89 1 0.0842559337616 6.80912899971 0.0020899772644 0.00772905349731 0.000939846038818 6.66949796677 0.0 0.0 0.0 0.0 0.0 0.0 0.0 0.0}
replayTaskStats OAI12 delay__B__hl__OUT__lh__ACQ_1 {0.06 0.01 5.98 0.66 1 6.6587100029 engnx01a.utdallas.edu 1733170053.89 1733170060.55 1 0.03892993927 6.61726403236 0.00212001800537 0.00685906410217 0.000623941421509 6.59064078331 0.0 0.0 0.0 0.0 0.0 0.0 0.0 0.0}
replayTaskStats OAI12 delay__C__lh__OUT__hl__ACQ_1 {0.06 0.0 6.2 0.64 1 6.83825206757 engnx01a.utdallas.edu 1733170060.55 1733170067.39 1 0.0367870330811 6.79900979996 0.00176811218262 0.00657391548157 0.000633001327515 6.77438187599 0.0 0.0 0.0 0.0 0.0 0.0 0.0 0.0}
replayTaskStats OAI12 delay__C__hl__OUT__lh__ACQ_1 {0.09 0.02 6.26 0.67 1 6.99159502983 engnx01a.utdallas.edu 1733170067.39 1733170074.38 1 0.0794129371643 6.9083738327 0.00240612030029 0.00693702697754 0.000741004943848 6.87675595284 0.0 0.0 0.0 0.0 0.0 0.0 0.0 0.0}
replayTaskStats OAI12 delay__A__lh__OUT__hl__ACQ_1 {0.07 0.01 6.07 0.62 1 6.72876596451 engnx01a.utdallas.edu 1733170074.38 1733170081.11 1 0.0485429763794 6.6775200367 0.00194883346558 0.00667595863342 0.000705003738403 6.65092396736 0.0 0.0 0.0 0.0 0.0 0.0 0.0 0.0}
replayTaskStats OAI12 leakage_power__ACQ_1 {0.04 0.01 5.94 0.62 1 6.5581638813 engnx01a.utdallas.edu 1733170087.73 1733170094.29 1 0.0282258987427 6.52722406387 0.00229907035828 0.0052649974823 0.00234293937683 6.50582909584 0.0 0.0 0.0 0.0 0.0 0.0 0.0 0.0}
replayTaskStats OAI12 delay__A__hl__OUT__lh__ACQ_1 {0.06 0.01 5.94 0.65 1 6.61215305328 engnx01a.utdallas.edu 1733170081.11 1733170087.73 1 0.0395050048828 6.57009005547 0.00189614295959 0.00689291954041 0.000710964202881 6.54426598549 0.0 0.0 0.0 0.0 0.0 0.0 0.0 0.0}
replayTaskStats OAI12 Cin__VSS__lh__ACQ_1 {0.05 0.0 6.06 0.66 1 6.73130083084 engnx01a.utdallas.edu 1733170094.29 1733170101.02 1 0.0355739593506 6.69307017326 0.00191402435303 0.00500202178955 0.000700950622559 6.67389702797 0.0 0.0 0.0 0.0 0.0 0.0 0.0 0.0}
replayTaskStats OAI12 Cin__VSS__hl__ACQ_1 {0.05 0.01 5.96 0.66 1 6.6081829071 engnx01a.utdallas.edu 1733170101.02 1733170107.63 1 0.0322291851044 6.57305598259 0.00241684913635 0.00525903701782 0.000849008560181 6.55200910568 0.0 0.0 0.0 0.0 0.0 0.0 0.0 0.0}
replayTaskStats OAI12 Cin__VDD__lh__ACQ_1 {0.05 0.01 6.02 0.66 1 6.69056510925 engnx01a.utdallas.edu 1733170107.63 1733170114.32 1 0.0373058319092 6.65013694763 0.00264191627502 0.00569295883179 0.000909090042114 6.62588000298 0.0 0.0 0.0 0.0 0.0 0.0 0.0 0.0}
replayTaskStats OAI12 Cin__VDD__hl__ACQ_1 {0.04 0.0 5.97 0.63 1 6.62652683258 engnx01a.utdallas.edu 1733170114.32 1733170120.94 1 0.035817861557 6.58772397041 0.00194907188416 0.00533294677734 0.000692844390869 6.56790804863 0.0 0.0 0.0 0.0 0.0 0.0 0.0 0.0}
replayTaskStats OAI12 modeling {0.18 0.01 0.0 0.0 1 0.207556009293 engnx01a.utdallas.edu 1733170182.09 1733170182.3 1}
