replayTaskStats INV configure {0.08 0.01 0.0 0.0 1 0.111737012863 engnx03a.utdallas.edu 1732951942.12 1732951942.23 1}
replayTaskStats INV delay__IN__lh__OUT__hl__ACQ_1 {0.1 0.01 6.02 0.69 1 6.85901498795 engnx03a.utdallas.edu 1732951952.47 1732951959.33 1 0.0721352100372 6.78373789787 0.00232005119324 0.00613713264465 0.000814914703369 6.66592597961 0.0 0.0 0.0 0.0 0.0 0.0 0.0 0.0}
replayTaskStats INV delay__IN__hl__OUT__lh__ACQ_1 {0.05 0.01 6.09 0.67 1 6.75100207329 engnx03a.utdallas.edu 1732951959.33 1732951966.09 1 0.031014919281 6.71754407883 0.00210905075073 0.0056848526001 0.000629901885986 6.69397807121 0.0 0.0 0.0 0.0 0.0 0.0 0.0 0.0}
replayTaskStats INV leakage_power__ACQ_1 {0.35 0.07 63.02 6.65 1 69.574493885 engnx03a.utdallas.edu 1732951966.09 1732952035.66 1 0.0217049121857 7.49737691879 0.00220012664795 0.00479912757874 0.00146198272705 69.1245450974 0.0 0.0 0.0 0.0 0.0 0.0 0.0 0.0}
replayTaskStats INV leakage_power__ACQ_1 {0.36 0.07 63.02 6.65 1 69.5749928951 engnx03a.utdallas.edu 1732951966.09 1732952035.66 1 0.0217049121857 7.49737691879 0.00220012664795 0.00479912757874 0.00146198272705 69.1245450974 0.0 0.0 0.0 0.0 0.0 0.0 0.0 0.0}
replayTaskStats INV leakage_power__ACQ_1 {0.36 0.07 63.02 6.65 1 69.5756318569 engnx03a.utdallas.edu 1732951966.09 1732952035.66 1 0.0217049121857 7.49737691879 0.00220012664795 0.00479912757874 0.00146198272705 69.1245450974 0.0 0.0 0.0 0.0 0.0 0.0 0.0 0.0}
replayTaskStats INV leakage_power__ACQ_1 {0.36 0.07 63.02 6.65 1 69.5761258602 engnx03a.utdallas.edu 1732951966.09 1732952035.66 1 0.0217049121857 7.49737691879 0.00220012664795 0.00479912757874 0.00146198272705 69.1245450974 0.0 0.0 0.0 0.0 0.0 0.0 0.0 0.0}
replayTaskStats INV leakage_power__ACQ_1 {0.36 0.07 63.02 6.65 1 69.576611042 engnx03a.utdallas.edu 1732951966.09 1732952035.66 1 0.0217049121857 7.49737691879 0.00220012664795 0.00479912757874 0.00146198272705 69.1245450974 0.0 0.0 0.0 0.0 0.0 0.0 0.0 0.0}
replayTaskStats INV leakage_power__ACQ_1 {0.36 0.07 63.02 6.65 1 69.577092886 engnx03a.utdallas.edu 1732951966.09 1732952035.66 1 0.0217049121857 7.49737691879 0.00220012664795 0.00479912757874 0.00146198272705 69.1245450974 0.0 0.0 0.0 0.0 0.0 0.0 0.0 0.0}
replayTaskStats INV leakage_power__ACQ_1 {0.36 0.07 63.02 6.65 1 69.5775728226 engnx03a.utdallas.edu 1732951966.09 1732952035.66 1 0.0217049121857 7.49737691879 0.00220012664795 0.00479912757874 0.00146198272705 69.1245450974 0.0 0.0 0.0 0.0 0.0 0.0 0.0 0.0}
replayTaskStats INV leakage_power__ACQ_1 {0.36 0.07 63.02 6.65 1 69.5780539513 engnx03a.utdallas.edu 1732951966.09 1732952035.66 1 0.0217049121857 7.49737691879 0.00220012664795 0.00479912757874 0.00146198272705 69.1245450974 0.0 0.0 0.0 0.0 0.0 0.0 0.0 0.0}
replayTaskStats INV leakage_power__ACQ_1 {0.36 0.07 63.02 6.65 1 69.5785410404 engnx03a.utdallas.edu 1732951966.09 1732952035.66 1 0.0217049121857 7.49737691879 0.00220012664795 0.00479912757874 0.00146198272705 69.1245450974 0.0 0.0 0.0 0.0 0.0 0.0 0.0 0.0}
replayTaskStats INV leakage_power__ACQ_1 {0.36 0.07 63.02 6.65 1 69.579020977 engnx03a.utdallas.edu 1732951966.09 1732952035.67 1 0.0217049121857 7.49737691879 0.00220012664795 0.00479912757874 0.00146198272705 69.1245450974 0.0 0.0 0.0 0.0 0.0 0.0 0.0 0.0}
replayTaskStats INV Cin__VSS__lh__ACQ_1 {0.04 0.01 5.7 0.69 1 6.38775396347 engnx03a.utdallas.edu 1732952035.67 1732952042.05 1 0.0269658565521 6.35809612274 0.00209498405457 0.00407791137695 0.000633955001831 6.34065079689 0.0 0.0 0.0 0.0 0.0 0.0 0.0 0.0}
replayTaskStats INV Cin__VSS__hl__ACQ_1 {0.03 0.01 5.83 0.7 1 6.5103931427 engnx03a.utdallas.edu 1732952042.05 1732952048.56 1 0.0250608921051 6.48283004761 0.00187420845032 0.00404691696167 0.000645160675049 6.46542692184 0.0 0.0 0.0 0.0 0.0 0.0 0.0 0.0}
replayTaskStats INV Cin__VDD__lh__ACQ_1 {0.04 0.0 5.74 0.67 1 6.39907598495 engnx03a.utdallas.edu 1732952048.57 1732952054.96 1 0.0241189002991 6.37246799469 0.00214290618896 0.00423884391785 0.000641822814941 6.35475897789 0.0 0.0 0.0 0.0 0.0 0.0 0.0 0.0}
replayTaskStats INV Cin__VDD__hl__ACQ_1 {0.04 0.01 5.78 0.66 1 6.43182301521 engnx03a.utdallas.edu 1732952054.97 1732952061.4 1 0.0236060619354 6.40569996834 0.00199508666992 0.00445604324341 0.000636100769043 6.38797998428 0.0 0.0 0.0 0.0 0.0 0.0 0.0 0.0}
replayTaskStats INV modeling {0.12 0.0 0.0 0.0 1 0.134444952011 engnx03a.utdallas.edu 1732952143.06 1732952143.19 1}
replayTaskStats INV configure {0.07 0.01 0.0 0.0 1 0.0990681648254 engnx01a.utdallas.edu 1733168668.81 1733168668.91 1}
replayTaskStats INV delay__IN__lh__OUT__hl__ACQ_1 {0.1 0.01 5.86 0.65 1 6.66497302055 engnx01a.utdallas.edu 1733168683.0 1733168689.67 1 0.0722990036011 6.58943986893 0.00204014778137 0.00726699829102 0.000869035720825 6.46877098083 0.0 0.0 0.0 0.0 0.0 0.0 0.0 0.0}
replayTaskStats INV delay__IN__hl__OUT__lh__ACQ_1 {0.05 0.0 5.98 0.64 1 6.61902284622 engnx01a.utdallas.edu 1733168689.67 1733168696.29 1 0.0308260917664 6.58564305305 0.00209593772888 0.00601410865784 0.000673055648804 6.56143307686 0.0 0.0 0.0 0.0 0.0 0.0 0.0 0.0}
replayTaskStats INV leakage_power__ACQ_1 {0.38 0.07 63.44 6.59 1 70.0200932026 engnx01a.utdallas.edu 1733168696.29 1733168766.31 1 0.0219879150391 7.4753267765 0.00206184387207 0.00484204292297 0.00168204307556 69.55042696 0.0 0.0 0.0 0.0 0.0 0.0 0.0 0.0}
replayTaskStats INV leakage_power__ACQ_1 {0.38 0.07 63.44 6.59 1 70.0206091404 engnx01a.utdallas.edu 1733168696.29 1733168766.31 1 0.0219879150391 7.4753267765 0.00206184387207 0.00484204292297 0.00168204307556 69.55042696 0.0 0.0 0.0 0.0 0.0 0.0 0.0 0.0}
replayTaskStats INV leakage_power__ACQ_1 {0.38 0.07 63.44 6.59 1 70.0211000443 engnx01a.utdallas.edu 1733168696.29 1733168766.31 1 0.0219879150391 7.4753267765 0.00206184387207 0.00484204292297 0.00168204307556 69.55042696 0.0 0.0 0.0 0.0 0.0 0.0 0.0 0.0}
replayTaskStats INV leakage_power__ACQ_1 {0.38 0.07 63.44 6.59 1 70.0215780735 engnx01a.utdallas.edu 1733168696.29 1733168766.31 1 0.0219879150391 7.4753267765 0.00206184387207 0.00484204292297 0.00168204307556 69.55042696 0.0 0.0 0.0 0.0 0.0 0.0 0.0 0.0}
replayTaskStats INV leakage_power__ACQ_1 {0.38 0.07 63.44 6.59 1 70.0220501423 engnx01a.utdallas.edu 1733168696.29 1733168766.31 1 0.0219879150391 7.4753267765 0.00206184387207 0.00484204292297 0.00168204307556 69.55042696 0.0 0.0 0.0 0.0 0.0 0.0 0.0 0.0}
replayTaskStats INV leakage_power__ACQ_1 {0.38 0.07 63.44 6.59 1 70.0225350857 engnx01a.utdallas.edu 1733168696.29 1733168766.31 1 0.0219879150391 7.4753267765 0.00206184387207 0.00484204292297 0.00168204307556 69.55042696 0.0 0.0 0.0 0.0 0.0 0.0 0.0 0.0}
replayTaskStats INV leakage_power__ACQ_1 {0.38 0.07 63.44 6.59 1 70.0230140686 engnx01a.utdallas.edu 1733168696.29 1733168766.31 1 0.0219879150391 7.4753267765 0.00206184387207 0.00484204292297 0.00168204307556 69.55042696 0.0 0.0 0.0 0.0 0.0 0.0 0.0 0.0}
replayTaskStats INV leakage_power__ACQ_1 {0.39 0.07 63.44 6.59 1 70.0234940052 engnx01a.utdallas.edu 1733168696.29 1733168766.31 1 0.0219879150391 7.4753267765 0.00206184387207 0.00484204292297 0.00168204307556 69.55042696 0.0 0.0 0.0 0.0 0.0 0.0 0.0 0.0}
replayTaskStats INV leakage_power__ACQ_1 {0.39 0.07 63.44 6.59 1 70.0239641666 engnx01a.utdallas.edu 1733168696.29 1733168766.31 1 0.0219879150391 7.4753267765 0.00206184387207 0.00484204292297 0.00168204307556 69.55042696 0.0 0.0 0.0 0.0 0.0 0.0 0.0 0.0}
replayTaskStats INV leakage_power__ACQ_1 {0.39 0.07 63.44 6.59 1 70.0244340897 engnx01a.utdallas.edu 1733168696.29 1733168766.31 1 0.0219879150391 7.4753267765 0.00206184387207 0.00484204292297 0.00168204307556 69.55042696 0.0 0.0 0.0 0.0 0.0 0.0 0.0 0.0}
replayTaskStats INV Cin__VSS__lh__ACQ_1 {0.04 0.01 5.95 0.67 1 6.61147093773 engnx01a.utdallas.edu 1733168766.31 1733168772.92 1 0.0284218788147 6.5803861618 0.00196599960327 0.00517320632935 0.000692129135132 6.56116890907 0.0 0.0 0.0 0.0 0.0 0.0 0.0 0.0}
replayTaskStats INV Cin__VSS__hl__ACQ_1 {0.04 0.01 5.79 0.66 1 6.44511508942 engnx01a.utdallas.edu 1733168772.92 1733168779.37 1 0.0264070034027 6.41616392136 0.00215005874634 0.00545001029968 0.000711917877197 6.39600086212 0.0 0.0 0.0 0.0 0.0 0.0 0.0 0.0}
replayTaskStats INV Cin__VDD__lh__ACQ_1 {0.04 0.0 5.93 0.65 1 6.57752609253 engnx01a.utdallas.edu 1733168779.37 1733168785.95 1 0.0285038948059 6.5464758873 0.00194120407104 0.00484204292297 0.000652074813843 6.52669000626 0.0 0.0 0.0 0.0 0.0 0.0 0.0 0.0}
replayTaskStats INV Cin__VDD__hl__ACQ_1 {0.04 0.01 6.04 0.63 1 6.67483091354 engnx01a.utdallas.edu 1733168785.95 1733168792.62 1 0.0251350402832 6.64718413353 0.00202107429504 0.00508093833923 0.000677108764648 6.62818384171 0.0 0.0 0.0 0.0 0.0 0.0 0.0 0.0}
replayTaskStats INV modeling {0.11 0.01 0.0 0.0 1 0.137154102325 engnx01a.utdallas.edu 1733168828.74 1733168828.88 1}
